0.0250078 0.999686 0 3.81268 0.05 0.0535502
0.0500628 0.998744 0 3.6267 0.1 0.100387
0.0752127 0.99716 0 3.44231 0.15 0.100725
0.100508 0.99491 0 3.25975 0.2 0.101213
0.126003 0.991964 0 3.07936 0.25 0.101854
0.15176 0.988278 1e-05 2.90154 0.3 0.102661
0.177853 0.983787 3e-05 2.7268 0.35 0.103652
0.20438 0.978403 9e-05 2.55576 0.4 0.104848
0.231474 0.972001 0.00027 2.38923 0.45 0.106281
0.259317 0.964397 0.00068 2.22821 0.5 0.107996
0.288165 0.955324 0.00156 2.07398 0.55 0.110056
0.318358 0.944394 0.0033 1.92819 0.6 0.112554
0.350326 0.931065 0.00651 1.79287 0.65 0.115628
0.384572 0.914619 0.0121 1.67057 0.7 0.119473
0.421576 0.894186 0.0213 1.56441 0.75 0.124366
0.461643 0.868888 0.0356 1.47779 0.8 0.130673
0.504641 0.83812 0.0567 1.41432 0.85 0.138844
0.549764 0.801962 0.0864 1.37726 0.9 0.149359
0.595489 0.761506 0.1256 1.3687 0.95 0.162632
0.639863 0.718786 0.1749 1.3891 1 0.178887
0.681065 0.676244 0.2341 1.4375 1.05 0.198076
0.717884 0.636023 0.302 1.5109 1.1 0.219883
0.74988 0.599518 0.3774 1.5749 1.15 0.243804
0.777213 0.567313 0.4586 1.6097 1.2 0.269273
0.800388 0.539392 0.5445 1.6537 1.25 0.295755
0.820025 0.515392 0.6339 1.7052 1.3 0.322802
0.836729 0.49482 0.726 1.7628 1.35 0.350067
0.851027 0.477154 0.82 1.8256 1.4 0.377306
0.863362 0.461925 0.9155 1.8927 1.45 0.404344
0.874085 0.448725 1.0121 1.9633 1.5 0.431068
