0.299348 -0.95366 5.4315 0.0978 -1
0.304732 -0.951889 5.2931 0.1028 -0.95
0.310345 -0.95 5.1514 0.1082 -0.9
0.316208 -0.947982 5.0064 0.114 -0.85
0.322338 -0.945816 4.8575 0.1204 -0.8
0.328759 -0.943484 4.7044 0.1273 -0.75
0.335502 -0.940969 4.5466 0.1349 -0.7
0.342597 -0.938243 4.3834 0.1432 -0.65
0.350081 -0.935273 4.2144 0.1524 -0.6
0.358002 -0.932025 4.0384 0.1627 -0.55
0.366412 -0.928448 3.8548 0.1742 -0.5
0.375382 -0.924484 3.6621 0.1873 -0.45
0.384995 -0.920049 3.4588 0.2026 -0.4
0.395357 -0.915034 3.2424 0.2207 -0.35
0.406617 -0.909291 3.0097 0.2435 -0.3
0.418974 -0.902593 2.7542 0.27483 -0.25
0.432715 -0.894583 2.4591 0.32845 -0.2
0.448307 -0.88465 2.0611 0.46358 -0.15
0.466592 -0.871496 1.4606 0.61867 -0.1
0.489782 -0.850359 0.7481 0.95819 -0.05
0.549764 1.85037e-17 0.0864 1.29086 3.19189e-16
0.489782 0.850359 0.7481 0.95819 0.05
0.466592 0.871496 1.4606 0.61867 0.1
0.448307 0.88465 2.0611 0.46358 0.15
0.432715 0.894583 2.4591 0.32845 0.2
0.418974 0.902593 2.7542 0.27483 0.25
0.406617 0.909291 3.0097 0.2435 0.3
0.395357 0.915034 3.2424 0.2207 0.35
0.384995 0.920049 3.4588 0.2026 0.4
0.375382 0.924484 3.6621 0.1873 0.45
0.366412 0.928448 3.8548 0.1742 0.5
0.358002 0.932025 4.0384 0.1627 0.55
0.350081 0.935273 4.2144 0.1524 0.6
0.342597 0.938243 4.3834 0.1432 0.65
0.335502 0.940969 4.5466 0.1349 0.7
0.328759 0.943484 4.7044 0.1273 0.75
0.322338 0.945816 4.8575 0.1204 0.8
0.316208 0.947982 5.0064 0.114 0.85
0.310345 0.95 5.1514 0.1082 0.9
0.304732 0.951889 5.2931 0.1028 0.95
0.299348 0.95366 5.4315 0.0978 1
