-1.43422e-08 -0.965646
-1.36251e-08 -0.965599
-1.2908e-08 -0.965551
-1.21909e-08 -0.965504
-1.14738e-08 -0.965456
-1.07567e-08 -0.965408
-1.00396e-08 -0.96536
-9.32246e-09 -0.965311
-8.60535e-09 -0.965263
-7.88824e-09 -0.965213
-7.17112e-09 -0.965164
-6.45401e-09 -0.965114
-5.7369e-09 -0.965062
-5.01979e-09 -0.96501
-4.30267e-09 -0.964956
-3.58556e-09 -0.964898
-2.86845e-09 -0.964832
-2.15134e-09 -0.964746
-1.43422e-09 -0.964594
-7.17112e-10 -0.963989
7.46395e-24 -5.42334e-11
7.17112e-10 0.963989
1.43422e-09 0.964594
2.15134e-09 0.964746
2.86845e-09 0.964832
3.58556e-09 0.964898
4.30267e-09 0.964956
5.01979e-09 0.96501
5.7369e-09 0.965062
6.45401e-09 0.965114
7.17112e-09 0.965164
7.88824e-09 0.965213
8.60535e-09 0.965263
9.32246e-09 0.965311
1.00396e-08 0.96536
1.07567e-08 0.965408
1.14738e-08 0.965456
1.21909e-08 0.965504
1.2908e-08 0.965551
1.36251e-08 0.965599
1.43422e-08 0.965646
