0.0250078 0.999687 0 3.8208 0.05 0.586513
0.0500629 0.998744 0 3.64375 0.1 0.58722
0.0752152 0.99716 0 3.4692 0.15 0.588529
0.100522 0.994908 1e-05 3.29754 0.2 0.590386
0.126053 0.991955 2e-05 3.12925 0.25 0.592819
0.151904 0.988248 9e-05 2.96491 0.3 0.595867
0.178198 0.983703 0.00028 2.8052 0.35 0.599597
0.205105 0.978204 0.00069 2.65096 0.4 0.604098
0.232839 0.971587 0.00154 2.50321 0.45 0.609507
0.261673 0.963621 0.00315 2.36315 0.5 0.616018
0.291921 0.954 0.00596 2.23225 0.55 0.623902
0.323929 0.94234 0.01062 2.1122 0.6 0.633524
0.358022 0.92819 0.01792 2.00496 0.65 0.645358
0.39444 0.911078 0.02882 1.91267 0.7 0.659987
0.433229 0.890597 0.04442 1.83759 0.75 0.67807
0.474137 0.866524 0.06582 1.78191 0.8 0.700283
0.51654 0.838965 0.09403 1.74746 0.85 0.727195
0.559456 0.808447 0.12983 1.73554 0.9 0.75913
0.601678 0.775901 0.17359 1.74658 0.95 0.796034
0.641993 0.74251 0.22535 1.78017 1 0.837421
0.679416 0.709488 0.28467 1.83506 1.05 0.88242
0.713316 0.677863 0.3509 1.90943 1.1 0.929913
0.74345 0.648363 0.42317 2.00108 1.15 0.97871
0.769882 0.621386 0.50058 2.04339 1.2 1.02772
0.792877 0.597059 0.58232 2.08609 1.25 1.07604
0.812811 0.575326 0.66744 2.13522 1.3 1.12297
0.830073 0.556003 0.7555 2.19006 1.35 1.1681
0.845053 0.538865 0.8458 2.24967 1.4 1.21113
0.858094 0.523662 0.938 2.3134 1.45 1.25195
0.869497 0.510157 1.0316 2.38072 1.5 1.29055
