0.299347 -0.953659 5.4315 0.1572 -1
0.304733 -0.95189 5.29296 0.16526 -0.95
0.310347 -0.950002 5.15136 0.17394 -0.9
0.316207 -0.947982 5.00633 0.18334 -0.85
0.322338 -0.945815 4.85734 0.19354 -0.8
0.32876 -0.943485 4.70421 0.20466 -0.75
0.335501 -0.940968 4.54626 0.21685 -0.7
0.342596 -0.938241 4.38302 0.2303 -0.65
0.350081 -0.935273 4.21356 0.24528 -0.6
0.358001 -0.932025 4.03705 0.26219 -0.55
0.366413 -0.928448 3.85219 0.28169 -0.5
0.375382 -0.924482 3.65712 0.30485 -0.45
0.384996 -0.920046 3.44889 0.3338 -0.4
0.395363 -0.91503 3.2219 0.37311 -0.35
0.406627 -0.909277 2.96381 0.43379 -0.3
0.418999 -0.902557 2.6471 0.54204 -0.25
0.432779 -0.894479 2.23325 0.66564 -0.2
0.448488 -0.884311 1.72718 0.83544 -0.15
0.467204 -0.870082 1.17242 1.08882 -0.1
0.492661 -0.840548 0.60082 1.37033 -0.05
0.559456 -4.7581e-17 0.12983 1.60571 3.19189e-16
0.492661 0.840548 0.60082 1.37033 0.05
0.467204 0.870082 1.17242 1.08882 0.1
0.448488 0.884311 1.72718 0.83544 0.15
0.432779 0.894479 2.23325 0.66564 0.2
0.418999 0.902557 2.6471 0.54204 0.25
0.406627 0.909277 2.96381 0.43379 0.3
0.395363 0.91503 3.2219 0.37311 0.35
0.384996 0.920046 3.44889 0.3338 0.4
0.375382 0.924482 3.65712 0.30485 0.45
0.366413 0.928448 3.85219 0.28169 0.5
0.358001 0.932025 4.03705 0.26219 0.55
0.350081 0.935273 4.21356 0.24528 0.6
0.342596 0.938241 4.38302 0.2303 0.65
0.335501 0.940968 4.54626 0.21685 0.7
0.32876 0.943485 4.70421 0.20466 0.75
0.322338 0.945815 4.85734 0.19354 0.8
0.316207 0.947982 5.00633 0.18334 0.85
0.310347 0.950002 5.15136 0.17394 0.9
0.304733 0.95189 5.29296 0.16526 0.95
0.299347 0.953659 5.4315 0.1572 1
