-2.43703e-10 -0.965587
-2.31518e-10 -0.965533
-2.19333e-10 -0.965478
-2.07148e-10 -0.965421
-1.94962e-10 -0.965362
-1.82777e-10 -0.965301
-1.70592e-10 -0.965236
-1.58407e-10 -0.965167
-1.46222e-10 -0.965092
-1.34037e-10 -0.965009
-1.21852e-10 -0.964916
-1.09666e-10 -0.964806
-9.74812e-11 -0.964672
-8.52961e-11 -0.964498
-7.31109e-11 -0.964257
-6.09258e-11 -0.963889
-4.87406e-11 -0.963253
-3.65555e-11 -0.96194
-2.43703e-11 -0.958309
-1.21852e-11 -0.939584
1.26827e-25 -5.47616e-12
1.21852e-11 0.939584
2.43703e-11 0.958309
3.65555e-11 0.96194
4.87406e-11 0.963253
6.09258e-11 0.963889
7.31109e-11 0.964257
8.52961e-11 0.964498
9.74812e-11 0.964672
1.09666e-10 0.964806
1.21852e-10 0.964916
1.34037e-10 0.965009
1.46222e-10 0.965092
1.58407e-10 0.965167
1.70592e-10 0.965236
1.82777e-10 0.965301
1.94962e-10 0.965362
2.07148e-10 0.965421
2.19333e-10 0.965478
2.31518e-10 0.965533
2.43703e-10 0.965587
