0.34 -0.853396 0.0382476 0.0448199 0.000144898 0.00035328 0.000550627 0.308088 0.0415943 7.83559e-05 2.23621 0.00283821
0.342 -0.861543 0.0386123 0.0456179 0.000147499 -0.0002759 0.000524395 0.312818 0.0425891 7.8888e-05 2.21828 0.00297628
0.344 -0.872151 0.0390867 0.0461153 0.000147784 -0.00093624 0.000524167 0.319277 0.0434929 7.82362e-05 2.18812 0.00271917
0.346 -0.88245 0.0395493 0.0471241 0.000144111 -0.00039338 0.000510383 0.325051 0.0446894 8.0321e-05 2.16948 0.00276703
0.348 -0.893544 0.0400459 0.0479238 0.000150227 0.0006031 0.000541764 0.33215 0.0457919 7.95018e-05 2.13951 0.00270011
0.35 -0.902058 0.0404279 0.0485303 0.000137462 0.00061878 0.0005479 0.337362 0.0467855 8.04567e-05 2.12082 0.00263121
0.352 -0.911906 0.0408686 0.0493066 0.000146148 -0.00015872 0.000533359 0.344238 0.0477507 7.91438e-05 2.09154 0.0025299
0.354 -0.924163 0.041417 0.0499262 0.000150382 0.00042554 0.00053179 0.351465 0.0489918 7.8172e-05 2.06616 0.00230544
0.356 -0.932724 0.0418008 0.0513686 0.000155011 0.0002719 0.000495144 0.357859 0.0500128 8.03035e-05 2.04444 0.00239385
0.358 -0.944174 0.042314 0.0516365 0.000150765 -0.00037658 0.000509249 0.365352 0.0510825 8.23805e-05 2.01437 0.00233265
0.36 -0.955729 0.0428321 0.0530791 0.000155731 0.00013168 0.000519432 0.373393 0.052332 8.06643e-05 1.98701 0.00233444
0.362 -0.966437 0.0433123 0.053829 0.000147557 0.00110128 0.000528702 0.380517 0.0533136 8.34155e-05 1.96319 0.00230901
0.364 -0.977875 0.0438244 0.0547721 0.000149169 0.00044638 0.000505217 0.389078 0.0544493 8.31521e-05 1.93126 0.00222716
0.366 -0.990332 0.0443825 0.055629 0.000148116 0.00067588 0.000494643 0.397627 0.0555103 7.63624e-05 1.90153 0.00228178
0.368 -1.00196 0.0449031 0.0565611 0.000156582 0.00020014 0.000498538 0.405304 0.0565259 8.04343e-05 1.87881 0.00207159
0.37 -1.01377 0.0454322 0.0575748 0.000145101 0.00021622 0.000497304 0.413917 0.0575544 8.23658e-05 1.85031 0.00197694
0.372 -1.02492 0.0459325 0.0586755 0.000151183 0.00074108 0.000504999 0.4223 0.0584187 8.3644e-05 1.82379 0.00199731
0.374 -1.0381 0.0465225 0.0601472 0.000149994 0.0007548 0.000488372 0.43205 0.0595558 7.92052e-05 1.79534 0.001935
0.376 -1.05037 0.0470723 0.0608243 0.000145817 -0.00019572 0.000483935 0.441444 0.0602241 7.75702e-05 1.76536 0.00183997
0.378 -1.06224 0.0476039 0.062257 0.000150637 -0.00060098 0.000475445 0.450333 0.0611227 8.18974e-05 1.74107 0.00169782
0.38 -1.07578 0.0482105 0.0629798 0.000153607 -6.93e-05 0.000480661 0.460206 0.0618055 8.27528e-05 1.71246 0.00173148
0.382 -1.08761 0.0487408 0.0639947 0.00014811 -0.00067366 0.000494209 0.470079 0.0623328 8.06027e-05 1.68429 0.00165202
0.384 -1.10127 0.0493531 0.0650058 0.00015539 -0.00021954 0.000471477 0.480282 0.0628475 8.44282e-05 1.65702 0.001646
0.386 -1.11528 0.0499809 0.0659554 0.000146666 -0.00029884 0.000469895 0.490855 0.0633663 7.95685e-05 1.63019 0.00156933
0.388 -1.12812 0.0505559 0.0671115 0.000148444 -0.00023528 0.000504243 0.500908 0.063826 7.96298e-05 1.6055 0.00146361
0.39 -1.14232 0.0511921 0.067744 0.000150253 -0.00041526 0.000434036 0.511607 0.0640695 8.90076e-05 1.57891 0.00147854
0.392 -1.15614 0.0518113 0.0686668 0.000150579 0.00063002 0.000462003 0.522391 0.0642619 8.57957e-05 1.5535 0.00137029
0.394 -1.16981 0.0524238 0.0694024 0.000151346 1.222e-05 0.000440015 0.533489 0.0640423 9.02453e-05 1.52708 0.00133924
0.396 -1.18637 0.053166 0.0704225 0.000151115 0.00015362 0.000451335 0.545743 0.0642309 9.57108e-05 1.50142 0.00128443
0.398 -1.19894 0.053729 0.0709538 0.000152404 0.00046972 0.000478498 0.55568 0.0639293 9.48088e-05 1.47965 0.00124971
0.4 -1.21342 0.0543778 0.0715515 0.000150869 -0.00061654 0.00044778 0.567351 0.0635524 9.45958e-05 1.45501 0.00120426
0.402 -1.22819 0.055039 0.071838 0.000151899 1.962e-05 0.000440722 0.578276 0.0631128 9.99422e-05 1.43375 0.00107319
0.404 -1.24329 0.0557159 0.0721424 0.000148782 0.00029718 0.000427665 0.589834 0.0623637 0.000100155 1.41081 0.0010245
0.406 -1.25758 0.0563568 0.0722802 0.000151844 0.00010324 0.00046363 0.600563 0.0618154 0.000105922 1.39062 0.00108751
0.408 -1.27202 0.0570036 0.0726438 0.00015433 0.00017266 0.000437863 0.612014 0.0608206 0.000111153 1.37008 0.00102357
0.41 -1.28675 0.0576637 0.0729521 0.000159437 -0.00034634 0.000435896 0.623506 0.0598273 0.000113702 1.34977 0.000971084
0.412 -1.30196 0.0583452 0.0728001 0.000152646 -2.696e-05 0.000442435 0.634369 0.0590306 0.000115372 1.33196 0.000966962
0.414 -1.31633 0.0589887 0.0725505 0.000145889 0.0001376 0.000424023 0.645162 0.0577821 0.000123801 1.31376 0.000890074
0.416 -1.33133 0.059661 0.0721723 0.000147034 0.00070882 0.000422695 0.656841 0.0561882 0.000121389 1.29478 0.000868037
0.418 -1.34639 0.0603357 0.0718112 0.000149459 0.00064044 0.000443894 0.667557 0.0549088 0.000121186 1.27864 0.000814075
0.42 -1.36052 0.0609688 0.0713871 0.000145911 -0.00056762 0.000421209 0.677986 0.0535199 0.000121578 1.26288 0.000778938
0.422 -1.37533 0.0616321 0.0705781 0.000138493 8.72e-06 0.000408174 0.689155 0.0516069 0.000124876 1.24614 0.000723562
0.424 -1.38976 0.0622788 0.0700842 0.000148952 0.00048536 0.000400063 0.699308 0.0502037 0.000129685 1.2325 0.000694915
0.426 -1.40332 0.0628861 0.0693002 0.000140222 0.00018832 0.000399785 0.709135 0.0485278 0.000129019 1.21905 0.000681667
0.428 -1.41734 0.0635144 0.068379 0.000146239 -0.0001545 0.000393975 0.719097 0.0467465 0.000124639 1.20583 0.000595624
0.43 -1.43052 0.0641051 0.067393 0.000148454 -0.0002342 0.00040106 0.728339 0.0450505 0.00012976 1.19392 0.000622377
0.432 -1.4441 0.0647137 0.0662662 0.000147708 -0.00072862 0.000386197 0.738014 0.043112 0.000124209 1.18157 0.00057366
0.434 -1.45629 0.06526 0.0654002 0.000148033 -0.00061176 0.00037133 0.746139 0.0416922 0.000131453 1.17198 0.000570271
0.436 -1.47134 0.0659338 0.0641546 0.000142705 -0.00060014 0.000353288 0.756244 0.0396982 0.000127894 1.16019 0.000522451
0.438 -1.48361 0.0664839 0.0625622 0.000142145 0.0006762 0.000373365 0.764523 0.0377833 0.000124599 1.15025 0.000504273
0.44 -1.49613 0.0670446 0.0616022 0.000138619 1.102e-05 0.000368004 0.773012 0.0361557 0.000124012 1.14091 0.000458119
0.442 -1.50881 0.0676129 0.0601815 0.000133808 0.00019462 0.000350337 0.781062 0.0344006 0.000116674 1.13241 0.000427083
0.444 -1.52043 0.0681335 0.0588735 0.000137125 0.00064094 0.000347426 0.788689 0.0327281 0.000119808 1.12425 0.000425261
0.446 -1.53346 0.0687172 0.0572368 0.000128013 0.00031798 0.000329557 0.797133 0.0307952 0.000109117 1.11541 0.000375555
0.448 -1.54434 0.0692045 0.0559901 0.000128918 -9.546e-05 0.000360636 0.803748 0.0294581 0.000109045 1.10905 0.000367342
0.45 -1.55452 0.0696609 0.0550098 0.000133981 0.00016738 0.000352036 0.810236 0.0280335 0.000112749 1.10284 0.000372432
0.452 -1.56573 0.070163 0.0535932 0.000124224 0.00063338 0.000325878 0.816818 0.0266716 0.000111032 1.09676 0.000349095
0.454 -1.5766 0.0706502 0.0521329 0.000129566 -0.00027368 0.00035144 0.823335 0.0251683 0.000103118 1.09065 0.000320206
0.456 -1.58669 0.0711019 0.0506409 0.000115767 -0.00024634 0.000319594 0.829532 0.0236684 9.88291e-05 1.08485 0.000298252
0.458 -1.59633 0.0715341 0.0494749 0.000122353 -0.00062114 0.000325932 0.835203 0.0224249 0.000100004 1.07992 0.000294145
0.46 -1.60692 0.0720087 0.0479627 0.000116036 0.0001489 0.000331246 0.841275 0.0210694 9.59751e-05 1.07471 0.000283184
0.462 -1.61631 0.0724296 0.0465663 0.000113313 -0.00046358 0.000340209 0.8469 0.0197129 8.91501e-05 1.0698 0.000259108
0.464 -1.62553 0.0728424 0.0453341 0.000107746 -8.018e-05 0.000318224 0.851924 0.0187101 8.59962e-05 1.06587 0.000242104
0.466 -1.63534 0.073282 0.0439274 0.000105309 -0.00042218 0.000319041 0.857326 0.017513 8.18156e-05 1.06156 0.000227153
0.468 -1.6429 0.0736208 0.0430707 0.000102966 3.784e-05 0.00031464 0.861282 0.0167821 7.73994e-05 1.05879 0.000212308
0.47 -1.6523 0.0740418 0.0416337 0.000103039 -6e-05 0.000303239 0.866365 0.0156635 8.08005e-05 1.05484 0.000216577
