0.41 -1.17145 0.0524946 0.000580837 7.28051e-06 6.21548e-05 0.000522249 0.084085 0.00392774 2.22995e-05 2.8876 0.0134127
0.412 -1.18322 0.0530223 0.000600212 7.98881e-06 -0.000320298 0.000506054 0.089772 0.00443022 2.30496e-05 2.85376 0.0102816
0.414 -1.19511 0.0535548 0.000603267 7.18912e-06 0.000124148 0.000495428 0.0950778 0.00500454 2.71529e-05 2.86615 0.0100135
0.416 -1.2071 0.0540924 0.000619811 7.18061e-06 -0.000330472 0.000519637 0.10184 0.00564717 2.71747e-05 2.82604 0.00997713
0.418 -1.21904 0.054627 0.000646557 7.46687e-06 5.90396e-05 0.000507676 0.109585 0.00652202 2.99685e-05 2.79421 0.00889684
0.42 -1.23251 0.0552305 0.000653868 7.1998e-06 -0.000130765 0.000525384 0.118935 0.00759381 3.16217e-05 2.76334 0.00806007
0.422 -1.24606 0.0558376 0.000677296 6.18706e-06 -0.000887453 0.000512461 0.130794 0.00904843 3.8084e-05 2.71266 0.00751699
0.424 -1.25921 0.0564271 0.000706023 6.37102e-06 -0.000401101 0.000515656 0.144053 0.010735 4.33941e-05 2.63995 0.00629714
0.426 -1.27342 0.0570635 0.00074244 6.30494e-06 -1.35206e-05 0.000498462 0.160944 0.0130604 4.64212e-05 2.5664 0.00601889
0.428 -1.28896 0.0577599 0.000780366 6.03173e-06 -0.00034096 0.000490227 0.183284 0.0161739 5.78756e-05 2.44389 0.00528199
0.43 -1.30424 0.0584445 0.000843486 5.98572e-06 -0.000722899 0.000519023 0.212464 0.0202463 6.47913e-05 2.28655 0.00441809
0.432 -1.32205 0.0592428 0.000927103 5.46604e-06 -1.79814e-05 0.000473798 0.253044 0.0255262 6.62641e-05 2.07497 0.00406946
0.434 -1.34129 0.0601048 0.00103715 5.70052e-06 -0.000307113 0.00047185 0.306711 0.0310782 6.68833e-05 1.83412 0.00318029
0.436 -1.36344 0.0610975 0.0011608 5.88504e-06 -0.000702284 0.000490381 0.378699 0.0348056 7.15615e-05 1.57509 0.00236756
0.438 -1.38778 0.0621879 0.00125177 5.34494e-06 -0.000162809 0.000464184 0.462257 0.0333416 8.81349e-05 1.35667 0.00158476
0.44 -1.41295 0.063316 0.00126252 5.14804e-06 -0.000425183 0.000455798 0.544871 0.0260083 0.000110571 1.20189 0.00102793
0.442 -1.43696 0.0643917 0.00115793 4.82177e-06 0.000493949 0.000435104 0.61359 0.0166586 9.8546e-05 1.10816 0.000584053
0.444 -1.45899 0.065379 0.00104229 3.65067e-06 0.000243222 0.000428868 0.664579 0.00959989 6.60438e-05 1.05836 0.000314781
0.446 -1.47891 0.0662714 0.000939889 2.94261e-06 1.67872e-05 0.000425592 0.701499 0.00545535 3.90772e-05 1.03316 0.000172434
0.448 -1.49707 0.0670851 0.000852577 2.34224e-06 -0.000354094 0.000442599 0.728822 0.00327322 2.25743e-05 1.02026 0.000100505
0.45 -1.51345 0.067819 0.000792262 2.15035e-06 -0.000519899 0.000407582 0.749786 0.0021631 1.39652e-05 1.01345 6.22083e-05
0.452 -1.52871 0.0685031 0.000739239 1.75204e-06 -0.000265849 0.000409694 0.76695 0.00153483 7.5363e-06 1.00954 3.66268e-05
0.454 -1.543 0.0691434 0.000696311 1.55921e-06 0.000197252 0.000390208 0.781406 0.00115939 5.18629e-06 1.00709 2.50455e-05
0.456 -1.55651 0.0697487 0.000654276 1.52883e-06 0.000326333 0.00039327 0.794024 0.000895695 3.23485e-06 1.00541 1.76161e-05
0.458 -1.56926 0.0703201 0.000622333 1.31164e-06 -0.000648846 0.000365845 0.805008 0.000722186 2.58488e-06 1.00429 1.38051e-05
0.46 -1.5814 0.0708643 0.00059127 1.16749e-06 -2.44212e-05 0.00035269 0.814835 0.000594173 1.70436e-06 1.00347 9.35782e-06
0.462 -1.59301 0.0713845 0.000563743 1.19176e-06 -0.000111311 0.000357675 0.823715 0.000499688 1.49577e-06 1.00287 8.0895e-06
0.464 -1.60397 0.0718754 0.000541216 1.10071e-06 -0.00030115 0.000351472 0.831712 0.000426455 1.15786e-06 1.00241 6.1881e-06
0.466 -1.61455 0.0723498 0.000516954 1.02867e-06 -0.000279732 0.000352043 0.839076 0.000366868 9.22831e-07 1.00205 4.99675e-06
0.468 -1.62472 0.0728051 0.000495201 9.38431e-07 -0.000110169 0.000337749 0.845872 0.000319875 7.90006e-07 1.00176 4.21392e-06
0.47 -1.63435 0.0732369 0.000476393 8.87528e-07 0.000211504 0.000340883 0.85206 0.000282353 6.87644e-07 1.00153 3.63433e-06
