0.41 -1.17105 0.0524767 0.000401347 5.94795e-06 -0.000696995 0.000533529 0.0702675 0.00278148 1.88279e-05 2.944 0.0167604
0.412 -1.18337 0.0530287 0.000406167 6.39645e-06 -2.02513e-05 0.000519086 0.0744481 0.00310025 2.05208e-05 2.92447 0.0138572
0.414 -1.19493 0.0535468 0.000429707 6.1749e-06 0.00159396 0.000529502 0.0794851 0.00352234 2.213e-05 2.89652 0.0122258
0.416 -1.20704 0.0540896 0.000429854 5.66865e-06 -0.000565844 0.000517221 0.0846321 0.00397323 2.30146e-05 2.88197 0.011535
0.418 -1.21992 0.0546668 0.000451779 5.8562e-06 -0.000185078 0.000551842 0.0910659 0.00458621 2.47882e-05 2.87783 0.0109652
0.42 -1.23215 0.0552142 0.000448777 5.85433e-06 0.00116795 0.00053224 0.0989576 0.0053695 2.8299e-05 2.84118 0.0098604
0.422 -1.24587 0.0558292 0.000473358 5.7651e-06 -0.000442505 0.000497074 0.108184 0.00641906 3.12077e-05 2.81787 0.00862878
0.424 -1.25898 0.0564169 0.000493649 5.65576e-06 0.000734812 0.000494432 0.119341 0.00764406 3.41898e-05 2.76078 0.00837205
0.426 -1.27312 0.0570504 0.000510415 5.08745e-06 -0.00062396 0.000521734 0.133484 0.00939453 3.75706e-05 2.69581 0.00766288
0.428 -1.28806 0.0577195 0.000537285 4.76513e-06 0.000430213 0.000514187 0.152321 0.0118432 4.60998e-05 2.59742 0.00619395
0.43 -1.30328 0.0584014 0.000573246 4.57029e-06 -0.000674576 0.000499351 0.176322 0.0150848 5.57335e-05 2.45905 0.00533538
0.432 -1.32059 0.059177 0.000620356 4.54973e-06 4.59638e-06 0.000505754 0.211249 0.0198625 6.24156e-05 2.26652 0.0045741
0.434 -1.33921 0.0600116 0.00069823 4.78199e-06 -0.000229816 0.000475633 0.262217 0.0259781 6.51385e-05 1.99824 0.00371655
0.436 -1.36094 0.0609854 0.000796946 4.18763e-06 -0.000859715 0.000473251 0.334899 0.0320028 5.91459e-05 1.69522 0.00292141
0.438 -1.38534 0.0620785 0.000896791 4.4507e-06 -0.000370942 0.000470785 0.428973 0.0327775 8.37237e-05 1.41044 0.0018884
0.44 -1.41123 0.0632386 0.000904022 4.17696e-06 0.000410321 0.000451157 0.526679 0.0254593 0.000107466 1.2109 0.0010788
0.442 -1.43618 0.0643569 0.000828444 3.34329e-06 0.000278834 0.0004531 0.606768 0.0150085 9.54503e-05 1.10039 0.000577578
0.444 -1.45887 0.0653734 0.000731621 2.49805e-06 -0.000349466 0.000443715 0.663435 0.0075999 5.64482e-05 1.04794 0.000272837
0.446 -1.47889 0.0662707 0.000658888 2.06507e-06 -0.000245975 0.000434935 0.701232 0.00401125 3.09795e-05 1.02558 0.000136888
0.448 -1.49675 0.0670709 0.000597524 1.61555e-06 -0.000602661 0.000410407 0.728339 0.00234777 1.56725e-05 1.01518 7.1721e-05
0.45 -1.51328 0.0678117 0.000550324 1.32248e-06 -0.000928142 0.000416059 0.749608 0.00151303 8.38411e-06 1.00978 4.03237e-05
0.452 -1.52859 0.0684976 0.000513539 1.23008e-06 -0.000856983 0.000381445 0.766824 0.00106512 4.71482e-06 1.0068 2.4806e-05
0.454 -1.54293 0.0691403 0.000483825 1.15223e-06 0.000737056 0.00040106 0.78139 0.000804111 3.16183e-06 1.00502 1.70484e-05
0.456 -1.55637 0.0697424 0.000455628 9.88455e-07 0.000204144 0.00036436 0.793891 0.000622335 1.93516e-06 1.00382 1.10703e-05
0.458 -1.56918 0.0703167 0.000433238 8.81335e-07 -8.39022e-05 0.000368384 0.804934 0.000502155 1.48015e-06 1.00302 8.55625e-06
0.46 -1.58134 0.0708615 0.000411079 8.94913e-07 0.000806976 0.000363721 0.8148 0.000414393 1.159e-06 1.00244 6.5579e-06
0.462 -1.59288 0.0713786 0.000391327 8.40959e-07 0.000150839 0.000344228 0.823648 0.00034661 9.82341e-07 1.00201 5.44434e-06
0.464 -1.60395 0.0718744 0.00037394 7.07992e-07 -0.000368287 0.00034318 0.831671 0.000295116 6.84413e-07 1.00168 3.80662e-06
0.466 -1.61453 0.0723489 0.000359155 6.83604e-07 0.000250882 0.000336924 0.839035 0.00025566 5.66082e-07 1.00143 3.12192e-06
0.468 -1.62458 0.0727991 0.000345084 6.4507e-07 -0.00020564 0.000338487 0.845753 0.000223436 5.14183e-07 1.00124 2.77295e-06
0.47 -1.63437 0.0732377 0.000331229 6.04992e-07 0.000719269 0.000335038 0.852056 0.000196532 4.27373e-07 1.00107 2.30532e-06
