0.41 -1.1717 0.0525063 0.00030556 5.78492e-06 0.000477152 0.000557264 0.0600048 0.0020427 1.51217e-05 2.97008 0.026181
0.412 -1.18331 0.0530264 0.000308671 5.55263e-06 0.000272611 0.000525551 0.0637366 0.00228651 1.7562e-05 2.95494 0.0168385
0.414 -1.19495 0.0535475 0.00031178 5.47655e-06 0.000441893 0.000539413 0.0681435 0.00261619 1.81596e-05 2.94051 0.0142179
0.416 -1.20681 0.0540791 0.00031792 5.19353e-06 -0.000153516 0.000504624 0.0723317 0.00293278 1.96689e-05 2.92723 0.0140996
0.418 -1.21964 0.054654 0.000326744 5.0204e-06 -0.000117814 0.000542178 0.0778492 0.00337687 2.12561e-05 2.89939 0.0127498
0.42 -1.23228 0.0552201 0.000331843 4.68848e-06 0.000342487 0.000504608 0.0843855 0.00394243 2.22977e-05 2.88295 0.0116577
0.422 -1.2456 0.0558174 0.000350231 4.7355e-06 -0.000336117 0.000528329 0.0925149 0.0047065 2.65756e-05 2.84905 0.0103477
0.424 -1.25875 0.0564062 0.000352341 4.10302e-06 0.000224104 0.000526088 0.102162 0.00565339 2.75736e-05 2.79491 0.00850678
0.426 -1.27327 0.0570569 0.000370303 4.05687e-06 0.000500042 0.000527704 0.113791 0.00696676 3.07734e-05 2.76255 0.00775041
0.428 -1.28827 0.0577288 0.000384313 4.00806e-06 0.000769619 0.000480142 0.129926 0.00891029 3.8636e-05 2.70128 0.00727048
0.43 -1.30338 0.0584061 0.000406727 3.76214e-06 -0.000633958 0.000500662 0.150304 0.011498 4.36003e-05 2.58982 0.00663297
0.432 -1.32023 0.0591612 0.000446075 3.73903e-06 0.000330429 0.000514967 0.181428 0.015663 5.50644e-05 2.41025 0.0055841
0.434 -1.33847 0.0599785 0.000490436 3.76167e-06 -0.000139136 0.000492225 0.22709 0.0215816 6.17765e-05 2.15609 0.00447854
0.436 -1.35923 0.0609088 0.000575717 3.73407e-06 0.0011069 0.000480196 0.297351 0.0287659 6.54933e-05 1.81724 0.00321357
0.438 -1.38344 0.0619934 0.000664954 3.42258e-06 -3.0532e-05 0.000494355 0.398446 0.0320804 7.07401e-05 1.46894 0.00213731
0.44 -1.40997 0.0631821 0.000686045 3.34686e-06 0.000261401 0.00045642 0.510728 0.0251923 9.92585e-05 1.22103 0.00108502
0.442 -1.43584 0.0643414 0.000620979 2.53722e-06 -0.000379602 0.000459549 0.602881 0.0133383 8.65541e-05 1.09179 0.000528008
0.444 -1.45882 0.0653713 0.000540567 1.8123e-06 -0.000168337 0.000455401 0.662863 0.00600703 4.5231e-05 1.03954 0.000216571
0.446 -1.47878 0.0662657 0.000482559 1.346e-06 0.00123791 0.000436388 0.701098 0.00298487 2.02868e-05 1.01998 9.55943e-05
0.448 -1.4967 0.0670686 0.000440827 1.15659e-06 0.000459653 0.000413855 0.728406 0.00169541 9.88559e-06 1.01145 4.95143e-05
0.45 -1.51322 0.0678087 0.000404614 1.00362e-06 0.0002188 0.000396626 0.749552 0.00110178 4.97969e-06 1.00733 2.72714e-05
0.452 -1.52853 0.0684948 0.000379754 8.76434e-07 0.000408842 0.000378513 0.766719 0.000787636 2.85777e-06 1.00512 1.60618e-05
0.454 -1.54289 0.0691385 0.000355401 7.78518e-07 0.000298625 0.000366079 0.781336 0.000589349 2.2138e-06 1.00373 1.19371e-05
0.456 -1.5564 0.069744 0.000334429 7.39774e-07 0.00013192 0.00036305 0.793885 0.000457504 1.33026e-06 1.00283 7.82061e-06
0.458 -1.56917 0.0703161 0.000318859 6.59805e-07 0.000393005 0.00036943 0.804931 0.000369498 1.00811e-06 1.00224 5.88356e-06
0.46 -1.58129 0.070859 0.000301908 5.81713e-07 0.000449938 0.000343622 0.814722 0.000304045 7.98327e-07 1.0018 4.56553e-06
0.462 -1.59289 0.0713788 0.000287232 5.87001e-07 -0.000490879 0.000367059 0.823612 0.000255739 6.25411e-07 1.00149 3.55897e-06
0.464 -1.60391 0.0718727 0.000274645 5.43278e-07 0.000372043 0.000344126 0.831656 0.000216118 4.64035e-07 1.00124 2.62296e-06
0.466 -1.61447 0.0723461 0.000263122 5.35932e-07 -0.000168377 0.000333242 0.839009 0.000187544 4.24888e-07 1.00106 2.36119e-06
0.468 -1.62458 0.0727992 0.000253204 4.70113e-07 0.000321712 0.000338133 0.845757 0.000163414 3.49636e-07 1.00091 1.91854e-06
0.47 -1.63435 0.0732369 0.000243051 4.48657e-07 0.000475195 0.000331087 0.852046 0.00014395 2.78995e-07 1.00079 1.51003e-06
