0.41 -1.17105 0.052477 0.00023374 5.48877e-06 -0.000316271 0.000558009 0.0523307 0.00154881 1.38142e-05 3.00075 0.0357697
0.412 -1.18317 0.0530198 0.000233056 4.58435e-06 -0.000248816 0.000546226 0.0560717 0.00177995 1.55067e-05 2.96756 0.0181132
0.414 -1.19476 0.0535394 0.000248985 5.22948e-06 0.000120359 0.000580183 0.059499 0.00198163 1.47572e-05 2.91187 0.0154411
0.416 -1.20708 0.0540911 0.000248747 4.47552e-06 -3.30136e-05 0.000546005 0.0630366 0.00224088 1.67593e-05 2.9481 0.0144539
0.418 -1.21911 0.0546304 0.000256998 4.72e-06 0.000262477 0.00053637 0.0680786 0.00258493 1.71593e-05 2.91051 0.0147926
0.42 -1.23244 0.0552276 0.000247023 3.90194e-06 -4.70776e-05 0.000532049 0.0739099 0.00306532 2.00472e-05 2.91807 0.013155
0.422 -1.24555 0.0558148 0.000260264 3.76116e-06 0.000709912 0.000511096 0.0806187 0.00362172 2.14846e-05 2.88639 0.0119908
0.424 -1.25857 0.0563982 0.000277042 4.07026e-06 4.36853e-05 0.000512469 0.0890201 0.00437185 2.41136e-05 2.85734 0.00985622
0.426 -1.27288 0.0570395 0.000288818 3.92095e-06 -0.000569329 0.000540544 0.0990425 0.00538873 2.78747e-05 2.83236 0.00951129
0.428 -1.2882 0.0577259 0.00029813 3.40053e-06 9.54998e-05 0.000512606 0.113431 0.00691608 3.09713e-05 2.75887 0.00813666
0.43 -1.30342 0.0584078 0.000312186 3.24658e-06 0.000105138 0.000508854 0.13123 0.00903733 3.99932e-05 2.68181 0.00717079
0.432 -1.31982 0.0591427 0.000338085 3.062e-06 0.000219414 0.000515009 0.158513 0.0125544 5.1967e-05 2.53607 0.00601312
0.434 -1.33801 0.0599577 0.000372907 3.15215e-06 -0.000386233 0.000484753 0.199491 0.0178942 6.11909e-05 2.2912 0.00457895
0.436 -1.35814 0.0608598 0.000431583 3.04198e-06 -0.000362718 0.000503142 0.26551 0.0255394 5.91485e-05 1.94074 0.00363678
0.438 -1.38193 0.0619259 0.000511114 2.71938e-06 -0.00052353 0.000482089 0.370485 0.0309466 6.27458e-05 1.5311 0.00247568
0.44 -1.40899 0.0631383 0.000537098 2.41637e-06 0.000207851 0.000465638 0.496065 0.0250467 0.000104833 1.23259 0.00123463
0.442 -1.43557 0.0643294 0.00048501 2.08755e-06 -0.00013234 0.000467805 0.599389 0.0121331 7.99173e-05 1.08536 0.000494999
0.444 -1.45866 0.0653639 0.000418801 1.3974e-06 -8.77178e-05 0.00044138 0.66218 0.00491274 3.77013e-05 1.03347 0.000185002
0.446 -1.47866 0.06626 0.000371476 1.07798e-06 0.000534903 0.000442261 0.700989 0.00227515 1.49763e-05 1.01591 7.74675e-05
0.448 -1.49667 0.0670672 0.000336635 9.19736e-07 0.000189784 0.000419458 0.728313 0.00130055 7.55715e-06 1.00898 3.91743e-05
0.45 -1.51316 0.0678061 0.000309794 7.43145e-07 -0.00017437 0.000436915 0.74949 0.000839271 3.60398e-06 1.00567 2.04636e-05
0.452 -1.52853 0.0684947 0.000289114 6.61551e-07 4.79963e-06 0.000419098 0.76678 0.000603255 2.39222e-06 1.00395 1.27225e-05
0.454 -1.54281 0.0691349 0.000272194 6.00682e-07 0.000689887 0.000378865 0.781252 0.000451263 1.38626e-06 1.00288 8.33488e-06
0.456 -1.55635 0.0697414 0.000256483 5.58841e-07 7.46328e-05 0.000357192 0.793806 0.000352557 1.0077e-06 1.00219 5.97113e-06
0.458 -1.56917 0.0703159 0.000243177 5.00553e-07 -5.4188e-05 0.000353596 0.804933 0.000282369 7.45267e-07 1.00172 4.41754e-06
0.46 -1.58125 0.0708574 0.000231777 5.19632e-07 -0.000244065 0.000353891 0.814721 0.000233512 5.77049e-07 1.00139 3.36622e-06
0.462 -1.59284 0.0713769 0.000220293 4.37166e-07 0.000153544 0.000361986 0.823594 0.000194803 4.44749e-07 1.00114 2.55834e-06
0.464 -1.60389 0.0718717 0.000211925 4.22673e-07 -0.00012664 0.000343006 0.831642 0.000167228 3.66961e-07 1.00096 2.08498e-06
0.466 -1.61445 0.0723452 0.000201677 3.86905e-07 0.000308356 0.000348896 0.83898 0.000143671 3.18508e-07 1.00081 1.78056e-06
0.468 -1.62458 0.072799 0.000193483 3.71985e-07 -0.000299319 0.000323002 0.845754 0.000125415 2.64999e-07 1.0007 1.46276e-06
0.47 -1.6343 0.0732346 0.000186127 3.38596e-07 0.000492086 0.00033611 0.852008 0.000110559 2.24535e-07 1.00061 1.21962e-06
