0.41 -1.17154 0.0524989 0.000184259 4.73776e-06 -0.00119371 0.000560914 0.0470752 0.00125758 1.22476e-05 3.02178 0.0481562
0.412 -1.18311 0.0530173 0.000186082 4.2395e-06 0.000198167 0.000530518 0.0495277 0.00139903 1.30833e-05 2.9764 0.0207767
0.414 -1.19471 0.0535369 0.000191814 4.12248e-06 0.000426019 0.000549484 0.0527089 0.001563 1.36858e-05 2.94883 0.0177256
0.416 -1.20709 0.0540914 0.000188921 3.39244e-06 -0.00118111 0.000519328 0.0562224 0.00178006 1.42825e-05 2.95513 0.0179271
0.418 -1.21919 0.0546336 0.000197567 3.80126e-06 -0.000271248 0.000533348 0.0606969 0.00207111 1.55272e-05 2.92683 0.0155716
0.42 -1.23223 0.055218 0.000201505 3.5512e-06 -0.00154295 0.000533388 0.0657064 0.00241102 1.68243e-05 2.93003 0.0152794
0.422 -1.24538 0.0558075 0.000210194 3.6707e-06 0.000142739 0.000537426 0.0714495 0.00286115 1.9038e-05 2.92857 0.0131515
0.424 -1.25871 0.0564044 0.000220901 3.61797e-06 -0.000127783 0.000533308 0.0788613 0.00345585 2.01402e-05 2.89396 0.0122312
0.426 -1.27319 0.0570533 0.000226494 3.21541e-06 0.000352098 0.00050754 0.0882979 0.00429327 2.22982e-05 2.86289 0.0108486
0.428 -1.28812 0.0577225 0.00023545 3.2326e-06 0.000339149 0.000519834 0.100791 0.00553984 2.92655e-05 2.80852 0.00944299
0.43 -1.30339 0.0584066 0.000246826 2.93629e-06 -0.000476396 0.000502447 0.117097 0.00729702 3.35498e-05 2.73191 0.00846175
0.432 -1.31972 0.0591384 0.000266529 2.83297e-06 -4.33275e-05 0.000504071 0.139829 0.0100797 4.0473e-05 2.62362 0.00693114
0.434 -1.33764 0.0599412 0.000287704 2.5868e-06 -0.000463007 0.000455743 0.177038 0.0148757 5.39817e-05 2.40713 0.00557499
0.436 -1.35743 0.0608278 0.000333428 2.63942e-06 0.000863538 0.000483609 0.239511 0.0225533 6.39714e-05 2.05136 0.00421441
0.438 -1.38091 0.06188 0.000401666 2.39951e-06 0.00023219 0.000483305 0.344466 0.0298483 6.22066e-05 1.60059 0.00271796
0.44 -1.40829 0.0631071 0.000434135 2.12758e-06 -0.000699497 0.000501993 0.483977 0.0247246 9.40562e-05 1.24089 0.00124487
0.442 -1.43553 0.0643274 0.000387604 1.58571e-06 -0.000574911 0.000466596 0.5975 0.01088 7.64024e-05 1.07796 0.000458569
0.444 -1.4586 0.0653611 0.000331558 1.0796e-06 0.000152828 0.000418091 0.661992 0.00398529 3.08657e-05 1.02817 0.000155554
0.446 -1.4786 0.0662576 0.000291455 8.22465e-07 0.000434889 0.000408479 0.70081 0.00181037 1.11157e-05 1.01295 5.85052e-05
0.448 -1.49661 0.0670647 0.000265148 6.24421e-07 -5.61034e-05 0.000412668 0.728306 0.00101301 4.32801e-06 1.00716 2.65119e-05
0.45 -1.51318 0.0678071 0.00024441 6.01513e-07 -0.000836703 0.000396941 0.749505 0.000667644 2.5461e-06 1.00456 1.55444e-05
0.452 -1.5285 0.0684938 0.000228571 5.24508e-07 0.00055567 0.000379005 0.766715 0.000473772 1.42341e-06 1.00314 8.914e-06
0.454 -1.54278 0.0691336 0.000214769 5.07874e-07 0.000602799 0.000376926 0.78121 0.000356103 1.07699e-06 1.00229 6.48193e-06
0.456 -1.55635 0.0697414 0.000202707 4.52158e-07 0.000671733 0.00038267 0.793837 0.000277215 7.03146e-07 1.00173 4.28009e-06
0.458 -1.56915 0.070315 0.000192185 3.97175e-07 0.000152604 0.000373163 0.804894 0.000223957 5.60404e-07 1.00137 3.3356e-06
0.46 -1.58126 0.070858 0.000183076 3.5937e-07 0.000217101 0.000337001 0.814711 0.00018425 4.22548e-07 1.0011 2.49302e-06
0.462 -1.59281 0.0713756 0.000174238 3.52611e-07 -3.75902e-05 0.000343537 0.823569 0.000154351 3.3006e-07 1.0009 1.9163e-06
0.464 -1.60385 0.0718701 0.000166404 3.17548e-07 0.000430488 0.000355834 0.831592 0.000131818 2.78478e-07 1.00076 1.58471e-06
0.466 -1.61445 0.0723449 0.000159427 3.03528e-07 0.000144006 0.000351273 0.838976 0.000113282 2.33561e-07 1.00064 1.31111e-06
0.468 -1.62456 0.072798 0.000153388 2.79323e-07 -0.000356518 0.000327839 0.845733 9.92316e-05 1.84905e-07 1.00055 1.02281e-06
0.47 -1.63428 0.0732335 0.000146929 2.8931e-07 0.000418704 0.00032106 0.851996 8.70174e-05 1.68305e-07 1.00048 9.20904e-07
