0.34 -0.839252 0.037613 0.00999427 5.83487e-05 0.000736455 0.000573268 0.150823 0.012274 4.45615e-05 2.76863 0.00708112
0.342 -0.847135 0.0379656 0.00987905 5.91903e-05 0.00111421 0.000611556 0.152704 0.0125809 4.08777e-05 2.77344 0.00663594
0.344 -0.856341 0.0383788 0.0100633 5.77931e-05 0.00020314 0.000591626 0.156278 0.0131096 4.71238e-05 2.75935 0.00642362
0.346 -0.865159 0.0387732 0.0101683 6.10675e-05 -0.0006296 0.000557118 0.159096 0.0136266 4.94688e-05 2.75504 0.00655709
0.348 -0.875384 0.0392313 0.0102518 5.76926e-05 0.00028085 0.00058521 0.162557 0.0141027 4.84249e-05 2.73644 0.00634313
0.35 -0.883019 0.0395735 0.0101955 6.26194e-05 -0.00088165 0.000598005 0.165204 0.0144597 4.53956e-05 2.71598 0.00600334
0.352 -0.890421 0.0399052 0.0103747 5.64349e-05 0.000259215 0.000549616 0.16886 0.0151103 5.04484e-05 2.71158 0.00602136
0.354 -0.900385 0.0403513 0.0104907 5.84922e-05 -0.00096509 0.000546777 0.172645 0.0156699 4.70263e-05 2.68778 0.00526885
0.356 -0.908512 0.0407161 0.0105806 5.97378e-05 0.00034607 0.000533379 0.176338 0.0163157 5.4458e-05 2.68116 0.00578933
0.358 -0.918069 0.0411429 0.010643 5.67897e-05 -0.00078668 0.000578745 0.180612 0.0169797 4.81309e-05 2.65395 0.00561906
0.36 -0.926231 0.0415091 0.010699 5.44228e-05 -0.0006209 0.000543391 0.184665 0.0175956 5.16349e-05 2.63659 0.00508363
0.362 -0.935552 0.0419264 0.0108275 5.49523e-05 -0.00075488 0.000540642 0.188662 0.0183189 5.18567e-05 2.62258 0.00514788
0.364 -0.944382 0.0423223 0.010974 5.53253e-05 0.000261275 0.000569679 0.193281 0.0191165 5.50647e-05 2.60314 0.00511725
0.366 -0.953868 0.0427467 0.0111002 5.32596e-05 -0.000186705 0.000538336 0.197853 0.019884 5.63375e-05 2.58382 0.00489197
0.368 -0.963793 0.0431914 0.0112653 5.34856e-05 0.00117755 0.00052682 0.203097 0.0207681 5.84993e-05 2.55976 0.00461179
0.37 -0.972057 0.0435622 0.0114081 5.72043e-05 -0.00078794 0.000521811 0.208311 0.0217265 5.67871e-05 2.54352 0.00458139
0.372 -0.982201 0.0440166 0.0115136 5.51013e-05 0.0002082 0.000525869 0.213875 0.0226556 6.09469e-05 2.51257 0.00410787
0.374 -0.990907 0.044406 0.0116865 5.18268e-05 0.000292535 0.000521253 0.218865 0.0235381 5.69975e-05 2.49304 0.00416851
0.376 -1.00134 0.0448739 0.0118312 5.16063e-05 -0.000201225 0.000503776 0.225458 0.0247215 5.91368e-05 2.46585 0.00408302
0.378 -1.01026 0.0452734 0.0121732 5.36333e-05 -0.000409415 0.000505053 0.23233 0.0258773 6.07812e-05 2.43002 0.0041356
0.38 -1.01996 0.0457078 0.0123272 5.4133e-05 0.000507755 0.00053624 0.238573 0.0270342 6.3326e-05 2.40496 0.00372219
0.382 -1.03011 0.0461628 0.0125374 5.43486e-05 8.6755e-05 0.00053875 0.245812 0.0281727 6.65974e-05 2.36968 0.00380981
0.384 -1.04085 0.0466443 0.012744 5.59885e-05 -0.0014908 0.000533455 0.253577 0.0295958 6.8173e-05 2.33634 0.00373541
0.386 -1.05099 0.0470981 0.0130102 5.46258e-05 0.000613105 0.000509433 0.261854 0.0310029 6.83353e-05 2.30014 0.00349519
0.388 -1.06162 0.0475745 0.0133305 5.21764e-05 -8.295e-06 0.000525868 0.270893 0.0324441 6.88985e-05 2.25601 0.00333432
0.39 -1.07353 0.0481082 0.0135839 5.51364e-05 0.00047743 0.000506579 0.280626 0.0340499 7.23856e-05 2.21237 0.00323425
0.392 -1.08376 0.0485667 0.0139633 5.59517e-05 -0.000185605 0.000527833 0.289737 0.0356024 7.17933e-05 2.17712 0.00315957
0.394 -1.09533 0.0490847 0.0143085 5.23578e-05 0.00013118 0.000529141 0.300134 0.0372266 7.45129e-05 2.13312 0.00288956
0.396 -1.10788 0.0496473 0.0147151 5.43231e-05 0.00063247 0.000487299 0.312038 0.0389782 7.29959e-05 2.08247 0.00282985
0.398 -1.11826 0.050112 0.0151233 5.35528e-05 -0.00062887 0.000523453 0.322616 0.0404168 7.35651e-05 2.03816 0.00262593
0.4 -1.13245 0.050748 0.0156158 5.44527e-05 -0.0005871 0.000502943 0.337177 0.0423964 6.76723e-05 1.98057 0.0026309
0.402 -1.14404 0.0512677 0.0161546 5.55791e-05 0.00083064 0.000507964 0.349653 0.0440564 7.39415e-05 1.93707 0.0025319
0.404 -1.15738 0.0518652 0.0166194 5.49929e-05 -0.000825735 0.000500008 0.363584 0.045712 6.8681e-05 1.88645 0.00249722
0.406 -1.17085 0.052469 0.0172516 5.66447e-05 0.00051844 0.000534961 0.378527 0.0473617 7.60674e-05 1.83504 0.00217915
0.408 -1.18519 0.0531109 0.017647 5.42425e-05 -9.635e-06 0.000514986 0.394365 0.0488103 7.11844e-05 1.78192 0.00207767
0.41 -1.19925 0.0537414 0.0183462 5.75559e-05 2.5225e-05 0.000489147 0.410841 0.0501296 7.2954e-05 1.73151 0.00210925
0.412 -1.21394 0.0543998 0.0188854 5.82278e-05 -8.9605e-05 0.00048606 0.428328 0.0512891 7.82477e-05 1.67903 0.00195447
0.414 -1.23017 0.055127 0.0193195 5.79851e-05 -0.000443595 0.000497229 0.447553 0.0520735 7.72997e-05 1.62405 0.00180098
0.416 -1.24532 0.0558056 0.0199565 5.91247e-05 -0.00068883 0.000479635 0.465531 0.0526863 8.0441e-05 1.57726 0.00162347
0.418 -1.26128 0.0565206 0.0205265 5.6034e-05 -0.000102705 0.000465539 0.484675 0.0530126 8.55581e-05 1.53029 0.00163961
0.42 -1.2776 0.0572523 0.0208944 6.01465e-05 -6.5575e-05 0.000462356 0.50423 0.0529965 8.90592e-05 1.48494 0.00148679
0.422 -1.29503 0.058033 0.0213053 5.84464e-05 0.000306765 0.000468809 0.525065 0.0525702 9.38101e-05 1.43978 0.00139693
0.424 -1.31251 0.0588163 0.0215277 5.85081e-05 -8.3255e-05 0.000466239 0.545781 0.0515539 0.000101614 1.39751 0.00124488
0.426 -1.33029 0.0596129 0.0216179 5.92328e-05 -6.8455e-05 0.000452026 0.567325 0.0501174 0.000107713 1.35519 0.00122051
0.428 -1.34655 0.0603414 0.0220542 5.86764e-05 -0.000113135 0.000453004 0.586137 0.0488623 0.000114673 1.32298 0.0011096
0.43 -1.36436 0.0611395 0.0217937 5.39461e-05 0.000545175 0.000459572 0.606647 0.0465812 0.000112293 1.28804 0.000935585
0.432 -1.38155 0.0619099 0.0216987 6.15014e-05 -0.00144465 0.000438939 0.626521 0.0441746 0.000124216 1.25649 0.000905273
0.434 -1.39909 0.0626955 0.0214807 5.61199e-05 0.00010632 0.000415339 0.645967 0.0416301 0.000124669 1.22792 0.000809344
0.436 -1.41657 0.0634791 0.0211197 5.28516e-05 0.000503545 0.000419545 0.665032 0.0389134 0.000123206 1.20183 0.000714366
0.438 -1.43309 0.0642189 0.0208034 5.59058e-05 -0.00019228 0.0003962 0.682777 0.0360815 0.000129747 1.17883 0.000696195
0.44 -1.44945 0.0649521 0.020172 5.56887e-05 0.000285225 0.000407436 0.699756 0.033067 0.000124477 1.1577 0.000609357
0.442 -1.46596 0.0656918 0.0196987 5.21869e-05 0.000213585 0.000380817 0.716374 0.0302187 0.000119624 1.13887 0.000534251
0.444 -1.48044 0.0663406 0.0191055 5.34071e-05 0.000758315 0.0003919 0.730499 0.0275631 0.000123107 1.12344 0.000518394
0.446 -1.4961 0.0670422 0.0184575 4.94689e-05 -0.00049137 0.000404832 0.745333 0.024752 0.000109349 1.10821 0.000422932
0.448 -1.51059 0.0676918 0.0178347 4.89543e-05 -0.000304355 0.000358937 0.758347 0.022457 0.000105324 1.09593 0.000386465
0.45 -1.52453 0.0683161 0.0171888 4.47042e-05 4.3e-06 0.000383914 0.770725 0.0200655 0.00010125 1.08469 0.000353793
0.452 -1.5378 0.0689107 0.0164726 4.29687e-05 -0.00038026 0.00037171 0.782009 0.0179868 9.48833e-05 1.07489 0.000322256
0.454 -1.5509 0.0694977 0.0159296 4.21661e-05 -0.00066273 0.000368162 0.792755 0.0160614 8.17804e-05 1.06643 0.000274722
0.456 -1.56379 0.0700756 0.015232 4.01616e-05 -0.00018838 0.00034966 0.803227 0.0140952 7.5396e-05 1.05822 0.00024805
0.458 -1.57574 0.0706107 0.0146799 3.74703e-05 0.0005966 0.000351744 0.812164 0.0126458 6.70848e-05 1.05206 0.000210249
0.46 -1.58672 0.0711029 0.0141406 3.71652e-05 -0.00020407 0.00035779 0.820275 0.0113918 6.94239e-05 1.04673 0.000209796
0.462 -1.59839 0.0716257 0.0135116 3.56153e-05 0.00025424 0.000335527 0.828657 0.00997951 5.86503e-05 1.04121 0.000178664
0.464 -1.609 0.0721013 0.0129877 3.12443e-05 -0.000190685 0.000344742 0.836042 0.00885697 5.39705e-05 1.03681 0.000158115
0.466 -1.61904 0.0725512 0.0125011 2.82965e-05 0.00028806 0.000346467 0.84258 0.00806914 4.77586e-05 1.03339 0.000134716
0.468 -1.62881 0.072989 0.012084 2.87301e-05 0.000192855 0.000336229 0.848885 0.00722266 4.3034e-05 1.03013 0.000125639
0.47 -1.63862 0.0734283 0.0116156 2.78951e-05 0.00022301 0.000341415 0.855109 0.00642373 4.09859e-05 1.02697 0.000116248
