0.34 -0.839642 0.0376304 0.00439966 4.10369e-05 0.000870878 0.000557398 0.0999787 0.0055632 2.96825e-05 2.89985 0.0116712
0.342 -0.847592 0.0379868 0.0044409 3.97657e-05 4.24263e-07 0.000598221 0.101605 0.00575889 3.14171e-05 2.8995 0.010542
0.344 -0.856684 0.038394 0.00445963 3.91294e-05 0.00120241 0.000571188 0.1035 0.00593178 2.8419e-05 2.87806 0.0103788
0.346 -0.865751 0.0387997 0.00447504 3.89057e-05 0.000409922 0.000618811 0.105784 0.00622713 2.98239e-05 2.89103 0.00963883
0.348 -0.873932 0.0391664 0.00449769 3.99854e-05 -0.000781371 0.000577208 0.107689 0.0063803 3.14323e-05 2.86207 0.0103094
0.35 -0.881499 0.0395054 0.00452087 3.79636e-05 -0.000668073 0.000600625 0.109661 0.00667585 3.17729e-05 2.87004 0.00964047
0.352 -0.889996 0.0398855 0.00451337 3.42231e-05 0.000637778 0.000564076 0.111752 0.00693157 3.25045e-05 2.87652 0.0095284
0.354 -0.899806 0.0403253 0.00459258 3.75779e-05 0.000789585 0.000555229 0.114105 0.00718381 3.15519e-05 2.86509 0.00936749
0.356 -0.90834 0.0407076 0.004608 3.66866e-05 -0.00105685 0.000585923 0.116776 0.00750972 3.23152e-05 2.85537 0.00884506
0.358 -0.917035 0.0410976 0.00476627 3.56893e-05 -0.00023616 0.000575264 0.119614 0.00783018 3.48983e-05 2.84095 0.00923402
0.36 -0.926162 0.041506 0.00468553 3.43267e-05 0.000222369 0.000548926 0.121568 0.00814225 3.55662e-05 2.84719 0.00850104
0.362 -0.935429 0.0419212 0.00481891 3.69277e-05 -0.000225698 0.000573527 0.124524 0.00847248 3.52605e-05 2.82987 0.00868739
0.364 -0.943696 0.0422913 0.00474266 3.69239e-05 0.000352318 0.000588854 0.12772 0.00891254 3.59627e-05 2.81243 0.00832864
0.366 -0.953126 0.0427139 0.00481681 3.57251e-05 -0.000450609 0.000551714 0.13046 0.00926408 3.45309e-05 2.81659 0.00811541
0.368 -0.961445 0.0430863 0.00484531 3.53109e-05 0.00104947 0.000561264 0.133864 0.00969635 3.83281e-05 2.78416 0.00749174
0.37 -0.970456 0.0434901 0.00491519 3.43874e-05 -0.000589542 0.000577494 0.137382 0.0102025 3.85042e-05 2.78772 0.0075606
0.372 -0.978922 0.0438695 0.00501757 3.63005e-05 -6.86331e-05 0.00056709 0.140753 0.0106 4.08936e-05 2.7568 0.00711586
0.374 -0.989062 0.0443235 0.0050002 3.33629e-05 0.0002454 0.000580306 0.144174 0.0111982 4.07999e-05 2.76292 0.00683577
0.376 -0.998658 0.0447535 0.00514568 3.39042e-05 -0.000438413 0.000506281 0.148695 0.0118139 4.12664e-05 2.74472 0.00697816
0.378 -1.00762 0.045155 0.00520412 3.56535e-05 0.000874713 0.000517635 0.152286 0.0123324 4.45305e-05 2.72688 0.00638369
0.38 -1.01717 0.0455829 0.00518793 3.29948e-05 6.26111e-05 0.000530249 0.156917 0.0130445 4.35242e-05 2.71121 0.00630252
0.382 -1.02691 0.0460194 0.00527042 3.26929e-05 -5.25557e-05 0.000553596 0.162473 0.0138378 4.55317e-05 2.68863 0.00588284
0.384 -1.03634 0.0464417 0.00527525 3.28948e-05 6.92048e-05 0.000542125 0.167382 0.0145925 4.59006e-05 2.66266 0.00586707
0.386 -1.04617 0.0468823 0.00536886 3.05135e-05 -2.75199e-05 0.000542771 0.172447 0.0154411 4.91041e-05 2.64691 0.00560506
0.388 -1.05594 0.0473199 0.00552381 3.13436e-05 0.000323907 0.000529498 0.178547 0.0163723 5.03649e-05 2.61407 0.00550685
0.39 -1.06579 0.047761 0.00559814 3.11716e-05 0.000125343 0.000530136 0.184631 0.0173984 5.18244e-05 2.59726 0.00502458
0.392 -1.07667 0.0482484 0.00570509 3.24438e-05 -0.00046618 0.000543046 0.191389 0.0184488 5.45298e-05 2.55917 0.00505771
0.394 -1.08674 0.0486996 0.00579489 3.03634e-05 -0.000426406 0.000543769 0.198446 0.0196644 5.26456e-05 2.53411 0.00476803
0.396 -1.09718 0.049167 0.00589024 2.9933e-05 6.11778e-05 0.000494461 0.206325 0.020931 5.55374e-05 2.49527 0.00436475
0.398 -1.10743 0.0496267 0.0059896 3.06782e-05 -0.000244882 0.000496724 0.215255 0.022311 5.81838e-05 2.4432 0.0044891
0.4 -1.11965 0.050174 0.00612435 3.10088e-05 0.000968611 0.000507722 0.22542 0.0240141 6.12939e-05 2.3952 0.0039765
0.402 -1.12995 0.0506357 0.00634175 3.0589e-05 0.000792805 0.000509973 0.235127 0.0255993 6.32591e-05 2.35295 0.00394449
0.404 -1.14136 0.0511469 0.00652351 3.02682e-05 -3.11269e-05 0.000529291 0.246361 0.0273847 6.40139e-05 2.297 0.00387888
0.406 -1.15368 0.051699 0.00670356 3.03266e-05 -0.00103507 0.000516671 0.258681 0.029376 6.82973e-05 2.24257 0.00349135
0.408 -1.16537 0.0522226 0.00692506 3.05764e-05 0.000342675 0.000532421 0.271545 0.0314015 7.12921e-05 2.18459 0.0032738
0.41 -1.17806 0.0527912 0.00718901 3.20507e-05 -0.000692982 0.000503783 0.286099 0.0334801 6.79211e-05 2.11636 0.00315649
0.412 -1.19106 0.0533741 0.00754114 3.19245e-05 0.000275771 0.000504064 0.30244 0.0357955 7.03446e-05 2.05031 0.00284556
0.414 -1.20547 0.0540198 0.00782634 3.14285e-05 0.000444027 0.000506429 0.320641 0.0381569 7.49996e-05 1.97444 0.00301078
0.416 -1.2192 0.0546348 0.00817281 3.21203e-05 -0.000843102 0.000498253 0.33984 0.0403672 7.4872e-05 1.9003 0.00259359
0.418 -1.23448 0.0553191 0.00856396 3.23917e-05 0.000582378 0.000480224 0.361611 0.0426259 7.5618e-05 1.82302 0.00257085
0.42 -1.25035 0.0560306 0.0089015 3.24761e-05 0.000545794 0.000507299 0.383946 0.0445211 7.29774e-05 1.74716 0.0021809
0.422 -1.26644 0.0567517 0.00932952 3.17443e-05 -0.00015688 0.00046865 0.408226 0.0461522 7.37932e-05 1.67105 0.00211125
0.424 -1.28343 0.0575128 0.00973941 3.22313e-05 5.30197e-05 0.000471648 0.434064 0.0471962 7.57641e-05 1.59722 0.0018543
0.426 -1.30105 0.0583024 0.0100529 3.42158e-05 -0.000701458 0.000461515 0.461301 0.0476967 8.22265e-05 1.52629 0.00164923
0.428 -1.31944 0.0591265 0.0103372 3.28519e-05 -0.000177093 0.000476453 0.490364 0.047391 8.85828e-05 1.45627 0.00162858
0.43 -1.33807 0.0599611 0.0106387 3.4292e-05 0.000553996 0.000462929 0.519989 0.0462213 9.2231e-05 1.39286 0.00126978
0.432 -1.35807 0.0608572 0.0107505 3.19664e-05 -0.00095436 0.000466436 0.549903 0.0443412 0.000105178 1.33491 0.00120979
0.434 -1.37681 0.0616968 0.0108268 3.23544e-05 -0.000522002 0.000430724 0.577803 0.0420052 0.000110847 1.28621 0.00105716
0.436 -1.39654 0.0625809 0.0106927 3.10542e-05 0.000292245 0.000451075 0.607152 0.0385275 0.000120442 1.23874 0.000917587
0.438 -1.41526 0.0634199 0.0105437 3.24108e-05 -0.00066096 0.000422304 0.633858 0.0349271 0.000120055 1.20024 0.000787147
0.44 -1.43463 0.0642878 0.0101801 2.99397e-05 -0.000909498 0.000440901 0.66031 0.0308113 0.000117084 1.16483 0.000648055
0.442 -1.45245 0.0650864 0.00987013 2.91383e-05 0.000309369 0.000427081 0.683647 0.0269834 0.000116606 1.13707 0.000578171
0.444 -1.46982 0.0658646 0.00948268 2.87341e-05 0.000646722 0.000401249 0.705051 0.0233876 0.000104162 1.11388 0.000476958
0.446 -1.48672 0.0666218 0.00910392 2.79208e-05 3.74617e-05 0.00039664 0.724551 0.0202063 0.000107751 1.09492 0.000431365
0.448 -1.50266 0.0673362 0.00862962 2.56864e-05 0.000288202 0.000384918 0.742601 0.01686 9.22401e-05 1.07796 0.000355018
0.45 -1.51776 0.0680129 0.00824138 2.35961e-05 5.99134e-05 0.000395118 0.758102 0.0143983 8.35327e-05 1.06561 0.000312932
0.452 -1.53249 0.0686727 0.00782008 2.30962e-05 0.00016096 0.000374399 0.773008 0.0119203 7.17732e-05 1.0542 0.000254606
0.454 -1.54617 0.0692857 0.00745857 2.05147e-05 0.000346094 0.000391549 0.78551 0.0101265 6.34594e-05 1.04592 0.000216838
0.456 -1.55907 0.0698638 0.00710532 1.85965e-05 -6.87741e-06 0.000359407 0.796694 0.00864492 4.92602e-05 1.03906 0.000162759
0.458 -1.57179 0.0704335 0.00677907 1.78089e-05 0.00054218 0.000370752 0.807498 0.00725019 4.77671e-05 1.03304 0.000154128
0.46 -1.58369 0.0709669 0.00646689 1.53432e-05 0.000592011 0.0003666 0.816818 0.00619982 3.92121e-05 1.02839 0.000123897
0.462 -1.59508 0.0714772 0.00619866 1.51473e-05 0.000192153 0.00036371 0.825446 0.00527826 3.49028e-05 1.02442 0.000111255
0.464 -1.60586 0.0719602 0.00593447 1.33582e-05 0.000684913 0.000349035 0.833152 0.00460652 2.85815e-05 1.02138 8.73811e-05
0.466 -1.6166 0.0724414 0.00565938 1.19875e-05 0.000138398 0.000349528 0.840597 0.00393669 2.30179e-05 1.01851 7.6228e-05
0.468 -1.62652 0.0728862 0.00544652 1.18938e-05 0.000320705 0.000328548 0.847264 0.00346641 1.99711e-05 1.01632 6.57745e-05
0.47 -1.63598 0.07331 0.00525136 1.13044e-05 -0.000288122 0.000327038 0.853223 0.00307504 1.77631e-05 1.01453 5.62014e-05
