0.41 -1.1735 0.0525868 0.00381609 2.11333e-05 -0.0002395 0.000495628 0.215274 0.021989 5.81922e-05 2.40549 0.00418097
0.412 -1.18576 0.0531363 0.00388761 2.16609e-05 -0.000789684 0.000474219 0.227973 0.023922 6.37087e-05 2.33774 0.00405569
0.414 -1.19839 0.0537021 0.00408967 2.16991e-05 0.000431859 0.000515817 0.243301 0.0263641 6.79375e-05 2.26715 0.00372529
0.416 -1.2115 0.0542895 0.00420238 2.11338e-05 -0.000149114 0.000501588 0.259219 0.0287512 6.58561e-05 2.1909 0.0033775
0.418 -1.22462 0.0548772 0.0044383 2.08873e-05 -0.000501504 0.000482283 0.277819 0.0313489 6.52908e-05 2.10574 0.00317213
0.42 -1.23967 0.0555519 0.00466408 2.09229e-05 -5.67387e-05 0.000510121 0.300213 0.0341768 6.76105e-05 2.00599 0.00316775
0.422 -1.25513 0.0562444 0.00492199 2.01639e-05 0.000343922 0.000486578 0.324025 0.0372156 7.15502e-05 1.91527 0.00280945
0.424 -1.27047 0.0569317 0.0052139 2.17483e-05 -0.000273461 0.000490759 0.350153 0.0397646 7.37376e-05 1.8156 0.00247949
0.426 -1.28699 0.0576719 0.00552149 2.19664e-05 -0.000327737 0.000487481 0.379824 0.0418415 7.45448e-05 1.71124 0.00237149
0.428 -1.30573 0.0585118 0.00582579 2.14148e-05 0.000729616 0.000457545 0.413889 0.043677 7.31439e-05 1.60895 0.00210625
0.43 -1.32477 0.0593648 0.00607387 2.18752e-05 0.000121915 0.000466018 0.448878 0.0442685 8.12515e-05 1.51421 0.00190897
0.432 -1.34441 0.0602448 0.00632673 2.12921e-05 -0.000160546 0.000474843 0.486075 0.0436694 8.47668e-05 1.42596 0.00153783
0.434 -1.36471 0.0611547 0.00642708 2.26488e-05 -0.000382375 0.000456608 0.523338 0.0417183 0.00010359 1.34802 0.00138047
0.436 -1.38563 0.062092 0.00647378 2.06711e-05 0.000343922 0.000428988 0.561614 0.0385004 0.000109184 1.27786 0.00107734
0.438 -1.40613 0.0630108 0.00643352 2.16297e-05 0.000347819 0.000464332 0.597484 0.0344979 0.000121155 1.22137 0.000954353
0.44 -1.42661 0.0639284 0.00627567 2.08258e-05 -0.00017592 0.000452193 0.631988 0.0295664 0.000119395 1.17236 0.000713201
0.442 -1.44614 0.0648035 0.00600187 1.93978e-05 0.000306591 0.000437719 0.66283 0.0247904 0.000119174 1.13407 0.000626863
0.444 -1.46504 0.0656501 0.00571562 1.8108e-05 0.00048787 0.000443978 0.690218 0.0203017 9.73407e-05 1.10455 0.0004518
0.446 -1.48291 0.0664511 0.00537549 1.67865e-05 -0.000408545 0.000419395 0.714553 0.0162615 8.51748e-05 1.08092 0.000351985
0.448 -1.49977 0.0672066 0.00508617 1.48537e-05 0.000686724 0.000397615 0.735495 0.0129886 8.06008e-05 1.06336 0.000304802
0.45 -1.51536 0.067905 0.0048095 1.4997e-05 -0.000388688 0.000395784 0.753245 0.0104336 6.65288e-05 1.05054 0.000241905
0.452 -1.53064 0.0685897 0.00453083 1.25934e-05 0.00053379 0.000383336 0.769456 0.00829546 5.44182e-05 1.04006 0.000185206
0.454 -1.54454 0.0692123 0.004304 1.15752e-05 0.000334331 0.000390244 0.782965 0.00674388 4.34928e-05 1.03271 0.000148436
0.456 -1.55791 0.0698117 0.00405876 1.01545e-05 -0.000363067 0.000368795 0.795438 0.00533398 3.42234e-05 1.0263 0.0001157
0.458 -1.57046 0.070374 0.00386547 8.50239e-06 -2.25813e-05 0.000385533 0.806045 0.00444336 2.87854e-05 1.02197 9.64282e-05
0.46 -1.58245 0.0709113 0.00366116 8.35003e-06 0.000233521 0.000369838 0.815759 0.0036544 2.45161e-05 1.01828 8.18474e-05
0.462 -1.59416 0.071436 0.00350444 7.99286e-06 -0.000222625 0.000344041 0.824692 0.00308252 1.81158e-05 1.01547 6.32298e-05
0.464 -1.60487 0.0719159 0.00336255 7.31753e-06 -0.000486474 0.00031712 0.832419 0.00265753 1.44969e-05 1.01334 4.96581e-05
0.466 -1.61532 0.0723841 0.00321776 6.5475e-06 -0.000458201 0.000363223 0.839606 0.0022972 1.12509e-05 1.01158 4.13242e-05
0.468 -1.62561 0.0728452 0.00307395 6.43126e-06 0.000511522 0.000345014 0.846538 0.00197637 9.62848e-06 1.00997 3.62626e-05
0.47 -1.6353 0.0732793 0.00295606 6.11411e-06 -0.00031405 0.000319778 0.852699 0.00174314 8.07861e-06 1.00878 3.10708e-05
