0.41 -1.17164 0.0525037 0.00163378 1.2961e-05 0.00047537 0.000549006 0.14166 0.010642 4.13077e-05 2.71633 0.00667124
0.412 -1.18316 0.0530198 0.00165061 1.3285e-05 -0.000895521 0.00051298 0.150827 0.011837 4.34267e-05 2.66122 0.00650628
0.414 -1.19534 0.0535651 0.00172744 1.2596e-05 0.000287908 0.000495593 0.160583 0.0132522 4.80479e-05 2.62313 0.00644557
0.416 -1.20742 0.0541065 0.00175605 1.2192e-05 9.17233e-05 0.000523759 0.171492 0.0149156 4.80067e-05 2.57323 0.00562281
0.418 -1.2202 0.0546791 0.0018255 1.2944e-05 0.000463135 0.000511615 0.185305 0.0168887 5.52721e-05 2.49751 0.00519445
0.42 -1.23355 0.0552772 0.00188877 1.21498e-05 -2.7439e-05 0.000523092 0.200879 0.0192238 5.71738e-05 2.41584 0.00475365
0.422 -1.2476 0.0559068 0.00198463 1.22297e-05 -7.7645e-05 0.000490015 0.220171 0.0221064 6.32648e-05 2.31799 0.00417974
0.424 -1.26163 0.0565353 0.00207067 1.19951e-05 0.000299454 0.000528957 0.241625 0.0251975 6.40067e-05 2.21153 0.00348056
0.426 -1.27691 0.0572203 0.00221898 1.12456e-05 -0.000242894 0.000496041 0.268685 0.0288855 6.75691e-05 2.08324 0.00358407
0.428 -1.29373 0.0579738 0.00240084 1.19323e-05 0.000601306 0.000492171 0.300696 0.032701 6.97244e-05 1.93927 0.00312574
0.43 -1.31125 0.058759 0.00260719 1.21794e-05 -0.000552108 0.000497853 0.33855 0.0363788 7.04716e-05 1.792 0.00273311
0.432 -1.33098 0.0596429 0.00278151 1.22693e-05 -0.000671959 0.000467268 0.384034 0.0389189 6.59507e-05 1.63572 0.00229085
0.434 -1.35156 0.0605653 0.00301454 1.19139e-05 -3.33018e-05 0.000453226 0.435094 0.0398 7.80253e-05 1.49125 0.00193582
0.436 -1.37367 0.0615561 0.00314212 1.24704e-05 0.000194466 0.00048809 0.488933 0.0381561 9.02949e-05 1.36543 0.00143047
0.438 -1.39678 0.0625912 0.00315231 1.19359e-05 0.000492409 0.000455073 0.543879 0.0337167 0.000109922 1.25985 0.00113986
0.44 -1.41929 0.0636002 0.00308724 1.14235e-05 -0.000551375 0.000438938 0.594049 0.0277847 0.000119965 1.1821 0.000885496
0.442 -1.44081 0.0645644 0.00292192 1.10546e-05 0.000247221 0.000421394 0.638034 0.0213642 0.000110828 1.12546 0.000636902
0.444 -1.46123 0.0654792 0.00275376 9.25379e-06 0.000641549 0.000433691 0.674971 0.0157066 8.88613e-05 1.08662 0.000423722
0.446 -1.48023 0.0663306 0.00255113 7.93481e-06 -0.000242271 0.0004088 0.705636 0.0111664 6.84302e-05 1.05988 0.000288512
0.448 -1.49774 0.0671151 0.00234332 7.07736e-06 -0.000290629 0.000411476 0.730255 0.00796333 5.64638e-05 1.04229 0.000219741
0.45 -1.51378 0.0678341 0.00218184 5.74576e-06 0.000128766 0.000388445 0.750298 0.00570367 3.83622e-05 1.03071 0.000144543
0.452 -1.52917 0.0685238 0.0020411 5.04474e-06 1.52124e-05 0.000374114 0.767538 0.00417409 2.81433e-05 1.02275 0.000105471
0.454 -1.54353 0.0691671 0.00191542 4.62649e-06 0.000101341 0.000397572 0.781935 0.00316507 2.01936e-05 1.01744 7.76708e-05
0.456 -1.55691 0.0697669 0.0018114 4.26026e-06 0.000366433 0.000377334 0.79433 0.00251308 1.56232e-05 1.01382 5.90219e-05
0.458 -1.56956 0.0703336 0.00172725 3.95132e-06 -0.000199864 0.000353527 0.805265 0.00201757 1.17273e-05 1.01112 4.55569e-05
0.46 -1.58188 0.0708858 0.00163799 3.48947e-06 -7.42651e-05 0.000344551 0.815269 0.00163529 7.85075e-06 1.00902 3.34395e-05
0.462 -1.59337 0.0714006 0.00156551 3.34831e-06 0.000447028 0.000372015 0.823987 0.00138368 5.9144e-06 1.00759 2.57488e-05
0.464 -1.60432 0.0718911 0.0014939 3.03084e-06 0.00012554 0.000339708 0.831962 0.00117559 4.25253e-06 1.0064 1.99507e-05
0.466 -1.61492 0.0723662 0.00142785 2.8467e-06 7.54703e-05 0.000340003 0.839381 0.00100549 3.33448e-06 1.00543 1.61461e-05
0.468 -1.62502 0.0728187 0.00137604 2.79799e-06 -0.000321738 0.000323512 0.846104 0.000886275 3.02628e-06 1.00474 1.49009e-05
0.47 -1.63473 0.0732538 0.00132349 2.54353e-06 0.000235444 0.000330036 0.852331 0.000781261 2.66867e-06 1.00413 1.23939e-05
