0.41 -1.17166 0.0525044 0.000910985 9.51212e-06 -0.000531909 0.000564587 0.105805 0.00612802 2.87486e-05 2.83369 0.0092125
0.412 -1.18292 0.053009 0.000927174 9.46435e-06 0.000104868 0.000520221 0.112214 0.00687772 3.03122e-05 2.8117 0.00855123
0.414 -1.19513 0.0535558 0.000967316 9.44593e-06 0.000625156 0.000518089 0.119947 0.00776309 3.49472e-05 2.7732 0.00808432
0.416 -1.20708 0.0540913 0.00097144 8.92914e-06 -0.000795297 0.000525546 0.128122 0.00876623 3.72284e-05 2.74021 0.00759164
0.418 -1.21898 0.0546245 0.00100964 8.73935e-06 0.000637481 0.00050342 0.137304 0.00997978 4.12686e-05 2.70158 0.00696901
0.42 -1.23277 0.0552421 0.00103896 8.43102e-06 8.90604e-05 0.000502042 0.1497 0.0116405 4.26558e-05 2.6478 0.00645122
0.422 -1.24566 0.0558198 0.00108787 8.1993e-06 0.00131034 0.000490163 0.164287 0.013671 4.7935e-05 2.57466 0.0058295
0.424 -1.25947 0.0564388 0.00112176 7.9917e-06 0.000401506 0.000505721 0.180602 0.0159625 5.18464e-05 2.48397 0.00502446
0.426 -1.2741 0.0570939 0.0011807 8.08412e-06 6.04699e-05 0.000497676 0.201595 0.0190717 5.62777e-05 2.37822 0.00464243
0.428 -1.28991 0.0578024 0.00128139 8.51672e-06 -0.000762104 0.00051821 0.22977 0.0230332 6.45636e-05 2.23077 0.00415864
0.43 -1.30626 0.0585352 0.00137873 7.79276e-06 -0.000140143 0.000499088 0.263964 0.0273841 6.67436e-05 2.0562 0.00345583
0.432 -1.32495 0.0593729 0.00151235 7.69976e-06 0.0005362 0.000465367 0.309509 0.0321887 6.78927e-05 1.85602 0.00314066
0.434 -1.34497 0.0602698 0.00169201 8.14618e-06 -0.000784597 0.000519078 0.363745 0.0361372 6.57046e-05 1.65875 0.00238583
0.436 -1.36747 0.0612781 0.00180813 8.30143e-06 -0.000157182 0.000459747 0.430106 0.0367901 7.89719e-05 1.46224 0.00190087
0.438 -1.39121 0.0623419 0.00188593 7.86763e-06 0.000844816 0.00048655 0.500223 0.033528 0.000103421 1.30524 0.00135553
0.44 -1.41516 0.0634148 0.00187793 7.20882e-06 -0.000644505 0.000472383 0.566049 0.0268553 0.00011435 1.19325 0.000993089
0.442 -1.43832 0.0644529 0.00174898 6.29361e-06 -0.000353052 0.000449851 0.623023 0.0189033 9.81875e-05 1.11739 0.000580742
0.444 -1.45965 0.0654086 0.0015968 5.82208e-06 -0.00025278 0.000458647 0.668066 0.0122482 8.0744e-05 1.07108 0.000378453
0.446 -1.4792 0.0662845 0.00145214 4.49413e-06 -8.82165e-05 0.000448848 0.702425 0.0077659 5.72537e-05 1.04429 0.000246095
0.448 -1.49719 0.0670907 0.00133106 3.85247e-06 0.000368489 0.000395684 0.729153 0.00498195 3.63271e-05 1.02868 0.000142962
0.45 -1.51361 0.0678264 0.001233 3.18497e-06 -0.000298003 0.000402858 0.750067 0.00334574 2.34648e-05 1.01958 9.52207e-05
0.452 -1.52893 0.068513 0.00115173 3.02681e-06 -0.0001562 0.000411168 0.767171 0.00240113 1.56416e-05 1.01416 6.4583e-05
0.454 -1.5433 0.069157 0.00108264 2.59385e-06 9.69883e-05 0.000378509 0.781794 0.00178666 9.84564e-06 1.01055 4.27057e-05
0.456 -1.55673 0.0697586 0.00102392 2.25194e-06 -0.000118516 0.000381971 0.79423 0.00139645 6.87461e-06 1.00818 2.958e-05
0.458 -1.56936 0.0703246 0.000974535 2.11071e-06 -0.000571802 0.000348727 0.80507 0.00114285 4.98596e-06 1.00661 2.28781e-05
0.46 -1.5815 0.0708684 0.000926792 1.98279e-06 0.000112098 0.000372014 0.814961 0.000927141 3.3444e-06 1.00532 1.6808e-05
0.462 -1.59303 0.0713854 0.000882592 1.83809e-06 6.47202e-05 0.000362711 0.823744 0.000778024 2.48914e-06 1.00441 1.28197e-05
0.464 -1.60405 0.0718792 0.000842856 1.70381e-06 0.000790904 0.000348224 0.831778 0.000665929 1.9925e-06 1.00372 1.03251e-05
0.466 -1.61466 0.0723547 0.000809661 1.63011e-06 0.000186511 0.000342963 0.839158 0.000573884 1.76093e-06 1.00317 9.03352e-06
0.468 -1.6248 0.072809 0.000771808 1.43885e-06 -0.000508501 0.000355234 0.845909 0.000500429 1.39644e-06 1.00273 7.19072e-06
0.47 -1.63447 0.0732422 0.000746089 1.45268e-06 0.000315179 0.000320525 0.852147 0.000439919 1.16084e-06 1.00237 5.99475e-06
