0.3933909814555348 6.424997643477069 9.922193015569585e-05 0.002405121246828722
0.41813968375583543 21.1808964059948 0.00010229458309104408 0.029518571607140255
0.42592521166962516 42.78930402270911 0.00011413597449939274 0.09001210211394901
0.4294071305178117 70.04562701303671 0.0001781736619907056 0.45594828370346036
0.433169821992078 140.37900851534854 0.00015076709565211923 1.5798463773526252
0.43486289622819085 228.0179568386977 0.00017489938589578829 4.652429547899239
0.43617879074290145 344.3361718675833 0.00017156115131042993 6.38299378531824
0.43705108004507137 473.6324636118745 8.45036651358946e-05 6.084132614542143
0.4376629234206112 620.3849746095061 0.00020682350757603483 14.744390146220919
0.43804040685102585 783.2818815204683 0.00010681601762143638 15.899760473282521
0.4382624108735072 958.9190598725568 7.894223390913417e-05 18.753387013391528
