0.05 0.000304864 0.000305219 0.000305576 0.000305934 0.000306294 0.000306657 0.000307022 0.00030739 0.000307761 0.000308138 0.000308522 0.000308915 0.000309321 0.000309744 0.000310195 0.000310688 0.000311249 0.000311928 0.000312823 0.000314157 0.000316497 0.000321618 0.0003372 0.000429279 649.797 1299.59 649.797 0.000429279 0.0003372 0.000321618 0.000316497 0.000314157 0.000312823 0.000311928 0.000311249 0.000310688 0.000310195 0.000309744 0.000309321 0.000308915 0.000308522 0.000308138 0.000307761 0.00030739 0.000307022 0.000306657 0.000306294 0.000305934 0.000305576 0.000305219 
0.1 0.00124213 0.0012447 0.00124748 0.00125051 0.00125385 0.0012576 0.00126186 0.00126679 0.00127258 0.00127953 0.00128805 0.00129876 0.00131256 0.00133086 0.00135595 0.00139162 0.00144457 0.0015273 0.00166512 0.00191457 0.00242036 0.00363471 0.00751542 0.0308923 649.177 1298.3 649.177 0.0308923 0.00751542 0.00363471 0.00242036 0.00191457 0.00166512 0.0015273 0.00144457 0.00139162 0.00135595 0.00133086 0.00131256 0.00129876 0.00128805 0.00127953 0.00127258 0.00126679 0.00126186 0.0012576 0.00125385 0.00125051 0.00124748 0.0012447 
0.15 0.00304798 0.00307987 0.00311695 0.00316045 0.00321197 0.00327364 0.00334828 0.00343971 0.0035532 0.00369612 0.00387902 0.00411737 0.00443439 0.00486607 0.0054702 0.00634349 0.00765613 0.00972657 0.0131984 0.0195096 0.0323411 0.0631915 0.161819 0.755089 647.945 1294.62 647.945 0.755089 0.161819 0.0631915 0.0323411 0.0195096 0.0131984 0.00972657 0.00765613 0.00634349 0.0054702 0.00486607 0.00443439 0.00411737 0.00387902 0.00369612 0.0035532 0.00343971 0.00334828 0.00327364 0.00321197 0.00316045 0.00311695 0.00307987 
0.2 0.00732465 0.00761243 0.00795142 0.00835383 0.00883555 0.0094175 0.0101276 0.0110036 0.0120976 0.0134824 0.0152624 0.0175902 0.0206954 0.0249336 0.0308755 0.0394765 0.0524171 0.0728409 0.107099 0.16937 0.295917 0.599782 1.56787 7.30043 644.611 1276.94 644.611 7.30043 1.56787 0.599782 0.295917 0.16937 0.107099 0.0728409 0.0524171 0.0394765 0.0308755 0.0249336 0.0206954 0.0175902 0.0152624 0.0134824 0.0120976 0.0110036 0.0101276 0.0094175 0.00883555 0.00835383 0.00795142 0.00761243 
0.25 0.0210303 0.0226944 0.0246593 0.0269969 0.0298003 0.0331925 0.0373374 0.0424568 0.0488559 0.0569627 0.0673891 0.0810303 0.099232 0.124077 0.158908 0.209312 0.285109 0.404636 0.604856 0.968001 1.70317 3.45521 8.93345 38.8879 632.803 1200.99 632.803 38.8879 8.93345 3.45521 1.70317 0.968001 0.604856 0.404636 0.285109 0.209312 0.158908 0.124077 0.099232 0.0810303 0.0673891 0.0569627 0.0488559 0.0424568 0.0373374 0.0331925 0.0298003 0.0269969 0.0246593 0.0226944 
0.3 0.0660519 0.0730446 0.0813054 0.0911363 0.10293 0.117202 0.134643 0.156182 0.183102 0.217197 0.261026 0.318337 0.394744 0.498928 0.644772 0.855416 1.17133 1.66765 2.49443 3.98107 6.94682 13.8176 33.9007 120.196 595.864 1000.45 595.864 120.196 33.9007 13.8176 6.94682 3.98107 2.49443 1.66765 1.17133 0.855416 0.644772 0.498928 0.394744 0.318337 0.261026 0.217197 0.183102 0.156182 0.134643 0.117202 0.10293 0.0911363 0.0813054 0.0730446 
0.35 0.197201 0.22054 0.248102 0.280887 0.320195 0.367733 0.425771 0.497377 0.586757 0.699783 0.844813 1.03401 1.28553 1.62725 2.10339 2.7869 3.8036 5.38265 7.96964 12.5038 21.1743 39.7607 85.8089 215.598 513.922 715.675 513.922 215.598 85.8089 39.7607 21.1743 12.5038 7.96964 5.38265 3.8036 2.7869 2.10339 1.62725 1.28553 1.03401 0.844813 0.699783 0.586757 0.497377 0.425771 0.367733 0.320195 0.280887 0.248102 0.22054 
0.4 0.529211 0.594389 0.671253 0.762539 0.871784 1.00362 1.16417 1.36167 1.60734 1.91673 2.31176 2.82399 3.4999 4.40969 5.66248 7.43343 10.0144 13.9122 20.049 30.1895 47.8767 80.4287 142.193 252.431 396.99 471.848 396.99 252.431 142.193 80.4287 47.8767 30.1895 20.049 13.9122 10.0144 7.43343 5.66248 4.40969 3.4999 2.82399 2.31176 1.91673 1.60734 1.36167 1.16417 1.00362 0.871784 0.762539 0.671253 0.594389 
0.45 1.26432 1.42074 1.60459 1.82211 2.08131 2.39256 2.76946 3.23002 3.79847 4.50777 5.40351 6.54974 8.038 10.0017 12.6389 16.2499 21.2993 28.5181 39.0699 54.7979 78.5075 113.942 164.262 226.734 284.48 308.907 284.48 226.734 164.262 113.942 78.5075 54.7979 39.0699 28.5181 21.2993 16.2499 12.6389 10.0017 8.038 6.54974 5.40351 4.50777 3.79847 3.23002 2.76946 2.39256 2.08131 1.82211 1.60459 1.42074 
0.5 2.68915 3.014 3.39327 3.83863 4.36478 4.99044 5.73958 6.64325 7.74194 9.08898 10.7552 12.8355 15.4583 18.7977 23.0919 28.6652 35.9561 45.5433 58.1527 74.6 95.5788 121.157 149.908 177.981 199.168 207.146 199.168 177.981 149.908 121.157 95.5788 74.6 58.1527 45.5433 35.9561 28.6652 23.0919 18.7977 15.4583 12.8355 10.7552 9.08898 7.74194 6.64325 5.73958 4.99044 4.36478 3.83863 3.39327 3.014 
0.55 5.07637 5.65517 6.323 7.09687 7.99761 9.05083 10.2881 11.7487 13.4809 15.5451 18.0159 20.9856 24.5674 28.898 34.139 40.4736 48.0957 57.1841 67.8539 80.0762 93.5653 107.655 121.216 132.72 140.51 143.275 140.51 132.72 121.216 107.655 93.5653 80.0762 67.8539 57.1841 48.0957 40.4736 34.139 28.898 24.5674 20.9856 18.0159 15.5451 13.4809 11.7487 10.2881 9.05083 7.99761 7.09687 6.323 5.65517 
0.6 8.44148 9.31033 10.2948 11.4128 12.6855 14.1373 15.7966 17.696 19.8727 22.369 25.2312 28.5096 32.2558 36.5196 41.3434 46.7533 52.7474 59.2806 66.2461 73.4586 80.642 87.4311 93.3935 98.0768 101.076 102.11 101.076 98.0768 93.3935 87.4311 80.642 73.4586 66.2461 59.2806 52.7474 46.7533 41.3434 36.5196 32.2558 28.5096 25.2312 22.369 19.8727 17.696 15.7966 14.1373 12.6855 11.4128 10.2948 9.31033 
0.65 12.2802 13.3612 14.5569 15.88 17.344 18.9634 20.7533 22.729 24.9056 27.2971 29.9151 32.7674 35.8562 39.1754 42.7082 46.4238 50.2745 54.1935 58.0931 61.8662 65.3887 68.5262 71.1435 73.1165 74.3443 74.7612 74.3443 73.1165 71.1435 68.5262 65.3887 61.8662 58.0931 54.1935 50.2745 46.4238 42.7082 39.1754 35.8562 32.7674 29.9151 27.2971 24.9056 22.729 20.7533 18.9634 17.344 15.88 14.5569 13.3612 
0.7 15.6457 16.7587 17.957 19.2453 20.6278 22.1082 23.6892 25.3722 27.1568 29.0404 31.0177 33.0799 35.2144 37.4041 39.6272 41.8566 44.0601 46.2008 48.2377 50.1272 51.8244 53.2855 54.47 55.3432 55.8783 56.0586 55.8783 55.3432 54.47 53.2855 51.8244 50.1272 48.2377 46.2008 44.0601 41.8566 39.6272 37.4041 35.2144 33.0799 31.0177 29.0404 27.1568 25.3722 23.6892 22.1082 20.6278 19.2453 17.957 16.7587 
0.75 17.6941 18.6621 19.6771 20.7387 21.8459 22.9971 24.1897 25.42 26.6834 27.9739 29.2843 30.6058 31.9283 33.2403 34.5289 35.7802 36.9789 38.1095 39.1558 40.102 40.9329 41.6343 42.1938 42.6012 42.8488 42.9319 42.8488 42.6012 42.1938 41.6343 40.9329 40.102 39.1558 38.1095 36.9789 35.7802 34.5289 33.2403 31.9283 30.6058 29.2843 27.9739 26.6834 25.42 24.1897 22.9971 21.8459 20.7387 19.6771 18.6621 
0.8 18.183 18.9209 19.6772 20.45 21.2373 22.0365 22.8447 23.6584 24.4738 25.2868 26.0925 26.886 27.6617 28.414 29.1369 29.8242 30.4698 31.0674 31.6112 32.0956 32.5152 32.8653 33.1421 33.3421 33.4631 33.5036 33.4631 33.3421 33.1421 32.8653 32.5152 32.0956 31.6112 31.0674 30.4698 29.8242 29.1369 28.414 27.6617 26.886 26.0925 25.2868 24.4738 23.6584 22.8447 22.0365 21.2373 20.45 19.6772 18.9209 
0.85 17.4348 17.9489 18.4664 18.9859 19.5056 20.0238 20.5385 21.0477 21.5492 22.0407 22.5198 22.984 23.4308 23.8577 24.262 24.6413 24.9932 25.3152 25.6052 25.861 26.0808 26.263 26.4062 26.5093 26.5715 26.5923 26.5715 26.5093 26.4062 26.263 26.0808 25.861 25.6052 25.3152 24.9932 24.6413 24.262 23.8577 23.4308 22.984 22.5198 22.0407 21.5492 21.0477 20.5385 20.0238 19.5056 18.9859 18.4664 17.9489 
0.9 15.9717 16.3113 16.6487 16.9829 17.3129 17.6377 17.9563 18.2677 18.5706 18.8641 19.1469 19.4181 19.6763 19.9207 20.15 20.3633 20.5596 20.7379 20.8974 21.0373 21.1569 21.2557 21.333 21.3885 21.4219 21.4331 21.4219 21.3885 21.333 21.2557 21.1569 21.0373 20.8974 20.7379 20.5596 20.3633 20.15 19.9207 19.6763 19.4181 19.1469 18.8641 18.5706 18.2677 17.9563 17.6377 17.3129 16.9829 16.6487 16.3113 
0.95 14.2346 14.4533 14.6685 14.8797 15.0862 15.2878 15.4837 15.6736 15.8568 16.0329 16.2013 16.3616 16.5133 16.6558 16.7888 16.9118 17.0244 17.1262 17.2169 17.2962 17.3637 17.4193 17.4628 17.4939 17.5127 17.5189 17.5127 17.4939 17.4628 17.4193 17.3637 17.2962 17.2169 17.1262 17.0244 16.9118 16.7888 16.6558 16.5133 16.3616 16.2013 16.0329 15.8568 15.6736 15.4837 15.2878 15.0862 14.8797 14.6685 14.4533 
1 12.4997 12.6396 12.7763 12.9095 13.039 13.1646 13.2859 13.4028 13.515 13.6222 13.7242 13.8209 13.9119 13.9971 14.0762 14.1491 14.2157 14.2757 14.3289 14.3754 14.4149 14.4473 14.4727 14.4908 14.5017 14.5053 14.5017 14.4908 14.4727 14.4473 14.4149 14.3754 14.3289 14.2757 14.2157 14.1491 14.0762 13.9971 13.9119 13.8209 13.7242 13.6222 13.515 13.4028 13.2859 13.1646 13.039 12.9095 12.7763 12.6396 
1.05 10.9049 10.9948 11.0823 11.1671 11.2492 11.3284 11.4047 11.4778 11.5477 11.6143 11.6775 11.7371 11.7931 11.8453 11.8937 11.9382 11.9786 12.0151 12.0474 12.0755 12.0993 12.1189 12.1342 12.1451 12.1517 12.1539 12.1517 12.1451 12.1342 12.1189 12.0993 12.0755 12.0474 12.0151 11.9786 11.9382 11.8937 11.8453 11.7931 11.7371 11.6775 11.6143 11.5477 11.4778 11.4047 11.3284 11.2492 11.1671 11.0823 10.9948 
1.1 9.50165 9.56013 9.6168 9.6716 9.72446 9.77533 9.82414 9.87083 9.91534 9.95763 9.99763 10.0353 10.0706 10.1035 10.1339 10.1617 10.1871 10.2099 10.23 10.2476 10.2624 10.2746 10.2841 10.2909 10.295 10.2964 10.295 10.2909 10.2841 10.2746 10.2624 10.2476 10.23 10.2099 10.1871 10.1617 10.1339 10.1035 10.0706 10.0353 9.99763 9.95763 9.91534 9.87083 9.82414 9.77533 9.72446 9.6716 9.6168 9.56013 
1.15 8.29511 8.33375 8.37111 8.40715 8.44183 8.47513 8.50701 8.53745 8.56642 8.59388 8.61982 8.64421 8.66702 8.68823 8.70783 8.72578 8.74209 8.75672 8.76966 8.7809 8.79044 8.79825 8.80433 8.80869 8.8113 8.81217 8.8113 8.80869 8.80433 8.79825 8.79044 8.7809 8.76966 8.75672 8.74209 8.72578 8.70783 8.68823 8.66702 8.64421 8.61982 8.59388 8.56642 8.53745 8.50701 8.47513 8.44183 8.40715 8.37111 8.33375 
1.2 7.26966 7.29565 7.32073 7.34488 7.36809 7.39033 7.4116 7.43187 7.45114 7.46938 7.48659 7.50275 7.51785 7.53188 7.54482 7.55667 7.56742 7.57707 7.58559 7.59299 7.59927 7.60441 7.60841 7.61127 7.61298 7.61356 7.61298 7.61127 7.60841 7.60441 7.59927 7.59299 7.58559 7.57707 7.56742 7.55667 7.54482 7.53188 7.51785 7.50275 7.48659 7.46938 7.45114 7.43187 7.4116 7.39033 7.36809 7.34488 7.32073 7.29565 
1.25 6.40222 6.42002 6.43718 6.45368 6.46951 6.48467 6.49915 6.51294 6.52603 6.53841 6.55008 6.56103 6.57126 6.58075 6.5895 6.59751 6.60477 6.61128 6.61703 6.62202 6.62625 6.62971 6.63241 6.63433 6.63549 6.63587 6.63549 6.63433 6.63241 6.62971 6.62625 6.62202 6.61703 6.61128 6.60477 6.59751 6.5895 6.58075 6.57126 6.56103 6.55008 6.53841 6.52603 6.51294 6.49915 6.48467 6.46951 6.45368 6.43718 6.42002 
1.3 5.66887 5.68129 5.69325 5.70473 5.71575 5.72629 5.73634 5.74591 5.75499 5.76357 5.77165 5.77922 5.78629 5.79285 5.7989 5.80443 5.80944 5.81393 5.8179 5.82134 5.82425 5.82664 5.8285 5.82983 5.83062 5.83089 5.83062 5.82983 5.8285 5.82664 5.82425 5.82134 5.8179 5.81393 5.80944 5.80443 5.7989 5.79285 5.78629 5.77922 5.77165 5.76357 5.75499 5.74591 5.73634 5.72629 5.71575 5.70473 5.69325 5.68129 
1.35 5.04769 5.05651 5.06499 5.07314 5.08094 5.0884 5.09552 5.10229 5.1087 5.11476 5.12047 5.12581 5.1308 5.13543 5.13969 5.14359 5.14712 5.15028 5.15307 5.15549 5.15754 5.15922 5.16053 5.16147 5.16203 5.16221 5.16203 5.16147 5.16053 5.15922 5.15754 5.15549 5.15307 5.15028 5.14712 5.14359 5.13969 5.13543 5.1308 5.12581 5.12047 5.11476 5.1087 5.10229 5.09552 5.0884 5.08094 5.07314 5.06499 5.05651 
1.4 4.5197 4.52607 4.53219 4.53807 4.5437 4.54907 4.5542 4.55907 4.56369 4.56805 4.57215 4.57599 4.57958 4.5829 4.58596 4.58876 4.59129 4.59356 4.59557 4.59731 4.59878 4.59998 4.60092 4.60159 4.60199 4.60212 4.60199 4.60159 4.60092 4.59998 4.59878 4.59731 4.59557 4.59356 4.59129 4.58876 4.58596 4.5829 4.57958 4.57599 4.57215 4.56805 4.56369 4.55907 4.5542 4.54907 4.5437 4.53807 4.53219 4.52607 
1.45 4.06896 4.07364 4.07813 4.08244 4.08656 4.0905 4.09426 4.09782 4.1012 4.10439 4.10739 4.1102 4.11283 4.11525 4.11749 4.11953 4.12139 4.12304 4.12451 4.12578 4.12685 4.12773 4.12841 4.1289 4.1292 4.12929 4.1292 4.1289 4.12841 4.12773 4.12685 4.12578 4.12451 4.12304 4.12139 4.11953 4.11749 4.11525 4.11283 4.1102 4.10739 4.10439 4.1012 4.09782 4.09426 4.0905 4.08656 4.08244 4.07813 4.07364 
1.5 3.6823 3.68578 3.68913 3.69234 3.69541 3.69834 3.70113 3.70379 3.7063 3.70867 3.7109 3.71299 3.71494 3.71674 3.7184 3.71992 3.72129 3.72252 3.72361 3.72455 3.72535 3.726 3.72651 3.72687 3.72709 3.72716 3.72709 3.72687 3.72651 3.726 3.72535 3.72455 3.72361 3.72252 3.72129 3.71992 3.7184 3.71674 3.71494 3.71299 3.7109 3.70867 3.7063 3.70379 3.70113 3.69834 3.69541 3.69234 3.68913 3.68578 
1.55 3.34891 3.35154 3.35407 3.3565 3.35881 3.36103 3.36314 3.36514 3.36703 3.36882 3.37051 3.37208 3.37355 3.37491 3.37616 3.3773 3.37834 3.37927 3.38009 3.38079 3.3814 3.38189 3.38227 3.38254 3.38271 3.38276 3.38271 3.38254 3.38227 3.38189 3.3814 3.38079 3.38009 3.37927 3.37834 3.3773 3.37616 3.37491 3.37355 3.37208 3.37051 3.36882 3.36703 3.36514 3.36314 3.36103 3.35881 3.3565 3.35407 3.35154 
1.6 3.05997 3.06198 3.06392 3.06577 3.06755 3.06924 3.07086 3.07239 3.07384 3.07521 3.07649 3.0777 3.07882 3.07986 3.08082 3.08169 3.08248 3.08319 3.08382 3.08436 3.08482 3.08519 3.08548 3.08569 3.08582 3.08586 3.08582 3.08569 3.08548 3.08519 3.08482 3.08436 3.08382 3.08319 3.08248 3.08169 3.08082 3.07986 3.07882 3.0777 3.07649 3.07521 3.07384 3.07239 3.07086 3.06924 3.06755 3.06577 3.06392 3.06198 
1.65 2.80825 2.80982 2.81132 2.81276 2.81413 2.81545 2.8167 2.81788 2.81901 2.82007 2.82106 2.822 2.82286 2.82367 2.82441 2.82509 2.8257 2.82625 2.82673 2.82715 2.82751 2.8278 2.82802 2.82819 2.82828 2.82831 2.82828 2.82819 2.82802 2.8278 2.82751 2.82715 2.82673 2.82625 2.8257 2.82509 2.82441 2.82367 2.82286 2.822 2.82106 2.82007 2.81901 2.81788 2.8167 2.81545 2.81413 2.81276 2.81132 2.80982 
1.7 2.58787 2.5891 2.59028 2.59141 2.59249 2.59352 2.5945 2.59543 2.59631 2.59714 2.59792 2.59865 2.59933 2.59996 2.60054 2.60107 2.60155 2.60198 2.60236 2.60269 2.60297 2.6032 2.60337 2.6035 2.60357 2.6036 2.60357 2.6035 2.60337 2.6032 2.60297 2.60269 2.60236 2.60198 2.60155 2.60107 2.60054 2.59996 2.59933 2.59865 2.59792 2.59714 2.59631 2.59543 2.5945 2.59352 2.59249 2.59141 2.59028 2.5891 
1.75 2.39398 2.39496 2.39589 2.39679 2.39764 2.39846 2.39924 2.39997 2.40067 2.40133 2.40195 2.40253 2.40307 2.40357 2.40403 2.40445 2.40483 2.40517 2.40547 2.40573 2.40595 2.40613 2.40627 2.40637 2.40643 2.40645 2.40643 2.40637 2.40627 2.40613 2.40595 2.40573 2.40547 2.40517 2.40483 2.40445 2.40403 2.40357 2.40307 2.40253 2.40195 2.40133 2.40067 2.39997 2.39924 2.39846 2.39764 2.39679 2.39589 2.39496 
1.8 2.2226 2.22338 2.22413 2.22485 2.22553 2.22619 2.22681 2.2274 2.22796 2.22848 2.22898 2.22944 2.22988 2.23028 2.23064 2.23098 2.23128 2.23156 2.2318 2.23201 2.23218 2.23233 2.23244 2.23252 2.23257 2.23258 2.23257 2.23252 2.23244 2.23233 2.23218 2.23201 2.2318 2.23156 2.23128 2.23098 2.23064 2.23028 2.22988 2.22944 2.22898 2.22848 2.22796 2.2274 2.22681 2.22619 2.22553 2.22485 2.22413 2.22338 
1.85 2.07043 2.07106 2.07167 2.07225 2.0728 2.07333 2.07383 2.07431 2.07476 2.07519 2.07559 2.07596 2.07631 2.07664 2.07693 2.0772 2.07745 2.07767 2.07786 2.07803 2.07818 2.07829 2.07838 2.07845 2.07849 2.0785 2.07849 2.07845 2.07838 2.07829 2.07818 2.07803 2.07786 2.07767 2.07745 2.0772 2.07693 2.07664 2.07631 2.07596 2.07559 2.07519 2.07476 2.07431 2.07383 2.07333 2.0728 2.07225 2.07167 2.07106 
1.9 1.93474 1.93525 1.93574 1.93622 1.93667 1.9371 1.93751 1.9379 1.93827 1.93862 1.93894 1.93925 1.93953 1.9398 1.94004 1.94026 1.94046 1.94064 1.9408 1.94094 1.94105 1.94115 1.94122 1.94128 1.94131 1.94132 1.94131 1.94128 1.94122 1.94115 1.94105 1.94094 1.9408 1.94064 1.94046 1.94026 1.94004 1.9398 1.93953 1.93925 1.93894 1.93862 1.93827 1.9379 1.93751 1.9371 1.93667 1.93622 1.93574 1.93525 
1.95 1.81324 1.81366 1.81407 1.81446 1.81483 1.81518 1.81552 1.81584 1.81615 1.81643 1.8167 1.81695 1.81719 1.8174 1.8176 1.81779 1.81795 1.8181 1.81823 1.81834 1.81844 1.81852 1.81858 1.81862 1.81865 1.81865 1.81865 1.81862 1.81858 1.81852 1.81844 1.81834 1.81823 1.8181 1.81795 1.81779 1.8176 1.8174 1.81719 1.81695 1.8167 1.81643 1.81615 1.81584 1.81552 1.81518 1.81483 1.81446 1.81407 1.81366 
2 1.70403 1.70438 1.70472 1.70504 1.70535 1.70564 1.70592 1.70619 1.70644 1.70668 1.7069 1.70711 1.7073 1.70748 1.70765 1.7078 1.70794 1.70806 1.70817 1.70826 1.70834 1.70841 1.70846 1.70849 1.70851 1.70852 1.70851 1.70849 1.70846 1.70841 1.70834 1.70826 1.70817 1.70806 1.70794 1.7078 1.70765 1.70748 1.7073 1.70711 1.7069 1.70668 1.70644 1.70619 1.70592 1.70564 1.70535 1.70504 1.70472 1.70438 
