0.05 0.00030483 0.000305181 0.000305533 0.000305885 0.000306238 0.000306591 0.000306945 0.000307299 0.000307654 0.00030801 0.000308366 0.000308722 0.00030908 0.000309437 0.000309796 0.000310154 0.000310514 0.000310874 0.000311234 0.000311595 0.000311957 0.000312319 0.000312682 0.000313045 933.036 1299.59 366.558 0.000313045 0.000312682 0.000312319 0.000311957 0.000311595 0.000311234 0.000310874 0.000310514 0.000310154 0.000309796 0.000309437 0.00030908 0.000308723 0.000308366 0.00030801 0.000307654 0.000307299 0.000306945 0.000306591 0.000306238 0.000305885 0.000305533 0.000305181 
0.1 0.00123358 0.00123503 0.00123649 0.00123794 0.0012394 0.00124086 0.00124233 0.00124379 0.00124526 0.00124673 0.0012482 0.00124968 0.00125116 0.00125264 0.00125412 0.0012556 0.00125709 0.00125858 0.00126007 0.00126157 0.00126306 0.00126456 0.00126607 0.00126757 648.616 1298.37 649.754 0.00126757 0.00126607 0.00126456 0.00126306 0.00126157 0.00126007 0.00125858 0.00125709 0.0012556 0.00125412 0.00125264 0.00125116 0.00124968 0.0012482 0.00124673 0.00124526 0.00124379 0.00124233 0.00124086 0.0012394 0.00123794 0.00123649 0.00123503 
0.15 0.00283039 0.00283384 0.0028373 0.00284076 0.00284423 0.00284771 0.00285119 0.00285468 0.00285817 0.00286167 0.00286517 0.00286869 0.0028722 0.00287573 0.00287926 0.0028828 0.00288634 0.00288989 0.00289345 0.00289701 0.00290058 0.00290415 0.00290773 0.00291132 648.175 1296.31 648.138 0.00291132 0.00290773 0.00290415 0.00290058 0.00289701 0.00289345 0.00288989 0.00288634 0.0028828 0.00287926 0.00287573 0.0028722 0.00286869 0.00286517 0.00286167 0.00285817 0.00285468 0.00285119 0.00284771 0.00284423 0.00284076 0.0028373 0.00283384 
0.2 0.00517357 0.0051802 0.00518684 0.0051935 0.00520017 0.00520685 0.00521354 0.00522025 0.00522697 0.00523371 0.00524046 0.00524722 0.00525399 0.00526078 0.00526758 0.00527439 0.00528122 0.00528806 0.00529492 0.00530178 0.00530866 0.00531556 0.00532247 0.00532939 646.699 1293.39 646.695 0.00532939 0.00532247 0.00531556 0.00530866 0.00530178 0.00529492 0.00528806 0.00528122 0.00527439 0.00526758 0.00526078 0.00525399 0.00524722 0.00524046 0.00523371 0.00522697 0.00522025 0.00521354 0.00520685 0.00520017 0.0051935 0.00518684 0.0051802 
0.25 0.00838352 0.00839498 0.00840646 0.00841797 0.00842951 0.00844107 0.00845266 0.00846427 0.0084759 0.00848757 0.00849926 0.00851097 0.00852271 0.00853448 0.00854627 0.00855809 0.00856994 0.00858181 0.00859371 0.00860563 0.00861759 0.00862957 0.0086416 0.00865375 644.786 1289.56 644.786 0.00865375 0.0086416 0.00862957 0.00861759 0.00860563 0.00859371 0.00858181 0.00856994 0.00855809 0.00854627 0.00853448 0.00852271 0.00851097 0.00849926 0.00848757 0.0084759 0.00846427 0.00845266 0.00844107 0.00842951 0.00841797 0.00840646 0.00839498 
0.3 0.0126357 0.0126544 0.0126732 0.012692 0.0127108 0.0127297 0.0127486 0.0127676 0.0127866 0.0128057 0.0128249 0.012844 0.0128633 0.0128825 0.0129019 0.0129213 0.0129407 0.0129602 0.0129797 0.0129993 0.0130191 0.013039 0.0130594 0.0130835 642.395 1284.78 642.395 0.0130835 0.0130594 0.013039 0.0130191 0.0129993 0.0129797 0.0129602 0.0129407 0.0129213 0.0129019 0.0128825 0.0128633 0.012844 0.0128249 0.0128057 0.0127866 0.0127676 0.0127486 0.0127297 0.0127108 0.012692 0.0126732 0.0126544 
0.35 0.0181813 0.0182109 0.0182406 0.0182703 0.0183001 0.0183301 0.0183601 0.0183902 0.0184204 0.0184507 0.0184811 0.0185116 0.0185422 0.0185729 0.0186037 0.0186347 0.0186658 0.0186971 0.0187288 0.0187609 0.0187942 0.0188304 0.0188771 0.0190003 639.488 1278.96 639.488 0.0190003 0.0188771 0.0188304 0.0187942 0.0187609 0.0187288 0.0186971 0.0186658 0.0186347 0.0186037 0.0185729 0.0185422 0.0185116 0.0184811 0.0184507 0.0184204 0.0183902 0.0183601 0.0183301 0.0183001 0.0182703 0.0182406 0.0182109 
0.4 0.0253795 0.0254256 0.0254719 0.0255184 0.025565 0.0256119 0.0256589 0.0257062 0.0257536 0.0258013 0.0258493 0.0258975 0.0259461 0.0259951 0.0260447 0.026095 0.0261464 0.0261996 0.0262561 0.0263188 0.0263958 0.0265119 0.0267745 0.0281077 636.013 1272 636.013 0.0281077 0.0267745 0.0265119 0.0263958 0.0263188 0.0262561 0.0261996 0.0261464 0.026095 0.0260447 0.0259951 0.0259461 0.0258975 0.0258493 0.0258013 0.0257536 0.0257062 0.0256589 0.0256119 0.025565 0.0255184 0.0254719 0.0254256 
0.45 0.0347514 0.0348236 0.0348963 0.0349693 0.0350429 0.035117 0.0351917 0.035267 0.0353432 0.0354203 0.0354986 0.0355785 0.0356604 0.0357451 0.035834 0.0359291 0.0360341 0.0361561 0.0363092 0.0365249 0.0368839 0.0376384 0.0398806 0.0529982 631.905 1263.75 631.905 0.0529982 0.0398806 0.0376384 0.0368839 0.0365249 0.0363092 0.0361561 0.0360341 0.0359291 0.035834 0.0357451 0.0356604 0.0355785 0.0354986 0.0354203 0.0353432 0.035267 0.0351917 0.035117 0.0350429 0.0349693 0.0348963 0.0348236 
0.5 0.0470815 0.0471983 0.0473166 0.0474366 0.0475586 0.0476829 0.04781 0.0479406 0.0480756 0.0482164 0.0483646 0.048523 0.0486957 0.0488887 0.0491122 0.0493828 0.0497299 0.0502085 0.0509298 0.0521421 0.0544811 0.0599331 0.0770973 0.179872 627.054 1253.84 627.054 0.179872 0.0770973 0.0599331 0.0544811 0.0521421 0.0509298 0.0502085 0.0497299 0.0493828 0.0491122 0.0488887 0.0486957 0.048523 0.0483646 0.0482164 0.0480756 0.0479406 0.04781 0.0476829 0.0475586 0.0474366 0.0473166 0.0471983 
0.55 0.0636481 0.0638568 0.0640724 0.0642962 0.06453 0.0647761 0.0650377 0.065319 0.0656259 0.0659664 0.0663522 0.0668005 0.0673369 0.0680012 0.0688571 0.0700115 0.0716523 0.0741311 0.0781586 0.0853224 0.0996868 0.133947 0.243034 0.898047 621.213 1240.96 621.213 0.898047 0.243034 0.133947 0.0996868 0.0853224 0.0781586 0.0741311 0.0716523 0.0700115 0.0688571 0.0680012 0.0673369 0.0668005 0.0663522 0.0659664 0.0656259 0.065319 0.0650377 0.0647761 0.06453 0.0642962 0.0640724 0.0638568 
0.6 0.0868638 0.0873189 0.0878068 0.0883351 0.0889131 0.0895536 0.0902732 0.0910947 0.0920494 0.093181 0.0945521 0.0962544 0.0984257 0.101279 0.105158 0.110635 0.118719 0.131298 0.152184 0.189893 0.266212 0.449117 1.03195 4.50375 613.574 1219.62 613.574 4.50375 1.03195 0.449117 0.266212 0.189893 0.152184 0.131298 0.118719 0.110635 0.105158 0.101279 0.0984257 0.0962544 0.0945521 0.093181 0.0920494 0.0910947 0.0902732 0.0895536 0.0889131 0.0883351 0.0878068 0.0873189 
0.65 0.122186 0.123438 0.124837 0.126416 0.12822 0.130306 0.132753 0.135664 0.139185 0.143518 0.148951 0.155909 0.165027 0.177292 0.194284 0.218649 0.25504 0.312154 0.407543 0.580343 0.930408 1.76768 4.41384 19.5714 601.294 1169.91 601.294 19.5714 4.41384 1.76768 0.930408 0.580343 0.407543 0.312154 0.25504 0.218649 0.194284 0.177292 0.165027 0.155909 0.148951 0.143518 0.139185 0.135664 0.132753 0.130306 0.12822 0.126416 0.124837 0.123438 
0.7 0.183648 0.187605 0.192145 0.197408 0.203571 0.21087 0.219617 0.230238 0.243316 0.259667 0.280461 0.307407 0.34307 0.391423 0.458829 0.555919 0.701343 0.929864 1.31134 2.00049 3.38787 6.66166 16.6618 66.6411 575.473 1041.99 575.473 66.6411 16.6618 6.66166 3.38787 2.00049 1.31134 0.929864 0.701343 0.555919 0.458829 0.391423 0.34307 0.307407 0.280461 0.259667 0.243316 0.230238 0.219617 0.21087 0.203571 0.197408 0.192145 0.187605 
0.75 0.308474 0.321194 0.335998 0.353378 0.373971 0.398619 0.42844 0.464946 0.510216 0.567155 0.639912 0.734537 0.860092 1.03055 1.2682 1.61007 2.12061 2.91869 4.23963 6.59286 11.2177 21.6398 50.2855 153.357 516.442 797.783 516.442 153.357 50.2855 21.6398 11.2177 6.59286 4.23963 2.91869 2.12061 1.61007 1.2682 1.03055 0.860092 0.734537 0.639912 0.567155 0.510216 0.464946 0.42844 0.398619 0.373971 0.353378 0.335998 0.321194 
0.8 0.590545 0.629251 0.674569 0.72805 0.791705 0.868172 0.960953 1.07477 1.21607 1.39384 1.62083 1.91547 2.30517 2.8317 3.56077 4.59957 6.13032 8.4784 12.2591 18.7171 30.5734 54.2743 105.849 219.746 409.187 520.352 409.187 219.746 105.849 54.2743 30.5734 18.7171 12.2591 8.4784 6.13032 4.59957 3.56077 2.8317 2.30517 1.91547 1.62083 1.39384 1.21607 1.07477 0.960953 0.868172 0.791705 0.72805 0.674569 0.629251 
0.85 1.24056 1.34752 1.47284 1.62073 1.79663 2.00759 2.26291 2.57498 2.96056 3.44263 4.05323 4.83786 5.8624 7.22428 9.07107 11.632 15.2728 20.5933 28.6028 41.0293 60.8173 92.6735 142.485 211.58 282.236 313.949 282.236 211.58 142.485 92.6735 60.8173 41.0293 28.6028 20.5933 15.2728 11.632 9.07107 7.22428 5.8624 4.83786 4.05323 3.44263 2.96056 2.57498 2.26291 2.00759 1.79663 1.62073 1.47284 1.34752 
0.9 2.64053 2.89846 3.19915 3.55181 3.96815 4.46308 5.05584 5.77137 6.64245 7.71246 9.03949 10.702 12.8072 15.5025 18.9923 23.5605 29.6002 37.6468 48.4018 62.708 81.3863 104.776 131.83 158.983 179.933 187.92 179.933 158.983 131.83 104.776 81.3863 62.708 48.4018 37.6468 29.6002 23.5605 18.9923 15.5025 12.8072 10.702 9.03949 7.71246 6.64245 5.77137 5.05584 4.46308 3.96815 3.55181 3.19915 2.89846 
0.95 5.2228 5.73561 6.32525 7.00611 7.79577 8.71571 9.79232 11.058 12.5528 14.3257 16.4373 18.9612 21.9866 25.6196 29.9826 35.2107 41.4407 48.7896 57.3154 66.9574 77.4569 88.2767 98.5596 107.187 112.983 115.031 112.983 107.187 98.5596 88.2767 77.4569 66.9574 57.3154 48.7896 41.4407 35.2107 29.9826 25.6196 21.9866 18.9612 16.4373 14.3257 12.5528 11.058 9.79232 8.71571 7.79577 7.00611 6.32525 5.73561 
1 8.90003 9.68239 10.5598 11.5455 12.6544 13.9034 15.3113 16.8993 18.69 20.7079 22.9779 25.5247 28.3705 31.5321 35.0173 38.8193 42.9111 47.2379 51.7107 56.2017 60.5435 64.5355 67.9576 70.5936 72.2589 72.8287 72.2589 70.5936 67.9576 64.5355 60.5435 56.2017 51.7107 47.2379 42.9111 38.8193 35.0173 31.5321 28.3705 25.5247 22.9779 20.7079 18.69 16.8993 15.3113 13.9034 12.6544 11.5455 10.5598 9.68239 
1.05 12.4518 13.322 14.2657 15.2879 16.394 17.5888 18.8767 20.261 21.7441 23.3262 25.0056 26.7774 28.6331 30.5599 32.5397 34.5493 36.5592 38.5345 40.4347 42.2154 43.8297 45.2308 46.3743 47.2216 47.7428 47.9187 47.7428 47.2216 46.3743 45.2308 43.8297 42.2154 40.4347 38.5345 36.5592 34.5493 32.5397 30.5599 28.6331 26.7774 25.0056 23.3262 21.7441 20.261 18.8767 17.5888 16.394 15.2879 14.2657 13.322 
1.1 14.3058 15.0226 15.7734 16.5579 17.3752 18.2241 19.1027 20.0082 20.9373 21.8854 22.8473 23.8166 24.7859 25.7468 26.69 27.6051 28.4814 29.3074 30.0715 30.7622 31.3684 31.88 32.288 32.585 32.7655 32.8261 32.7655 32.585 32.288 31.88 31.3684 30.7622 30.0715 29.3074 28.4814 27.6051 26.69 25.7468 24.7859 23.8166 22.8473 21.8854 20.9373 20.0082 19.1027 18.2241 17.3752 16.5579 15.7734 15.0226 
1.15 14.1189 14.5933 15.0763 15.5665 16.0624 16.5624 17.0646 17.5669 18.0669 18.5621 19.0499 19.5273 19.9912 20.4385 20.866 21.2704 21.6484 21.9967 22.3125 22.5926 22.8346 23.036 23.1948 23.3094 23.3787 23.4019 23.3787 23.3094 23.1948 23.036 22.8346 22.5926 22.3125 21.9967 21.6484 21.2704 20.866 20.4385 19.9912 19.5273 19.0499 18.5621 18.0669 17.5669 17.0646 16.5624 16.0624 15.5665 15.0763 14.5933 
1.2 12.697 12.9754 13.2531 13.5294 13.8034 14.0741 14.3408 14.6025 14.8581 15.1066 15.347 15.5782 15.7992 16.009 16.2064 16.3906 16.5605 16.7152 16.8539 16.9757 17.0801 17.1664 17.234 17.2826 17.3119 17.3217 17.3119 17.2826 17.234 17.1664 17.0801 16.9757 16.8539 16.7152 16.5605 16.3906 16.2064 16.009 15.7992 15.5782 15.347 15.1066 14.8581 14.6025 14.3408 14.0741 13.8034 13.5294 13.2531 12.9754 
1.25 10.9072 11.0634 11.2172 11.3683 11.5161 11.6605 11.8009 11.937 12.0685 12.1949 12.3159 12.4311 12.5402 12.6428 12.7385 12.8271 12.9082 12.9815 13.0469 13.1041 13.1528 13.1929 13.2243 13.2467 13.2602 13.2648 13.2602 13.2467 13.2243 13.1929 13.1528 13.1041 13.0469 12.9815 12.9082 12.8271 12.7385 12.6428 12.5402 12.4311 12.3159 12.1949 12.0685 11.937 11.8009 11.6605 11.5161 11.3683 11.2172 11.0634 
1.3 9.21668 9.30445 9.39012 9.47355 9.55458 9.63306 9.70885 9.78178 9.85173 9.91854 9.98208 10.0422 10.0988 10.1517 10.2009 10.2462 10.2875 10.3247 10.3577 10.3865 10.411 10.4311 10.4468 10.458 10.4648 10.467 10.4648 10.458 10.4468 10.4311 10.411 10.3865 10.3577 10.3247 10.2875 10.2462 10.2009 10.1517 10.0988 10.0422 9.98208 9.91854 9.85173 9.78178 9.70885 9.63306 9.55458 9.47355 9.39012 9.30445 
1.35 7.78218 7.83267 7.88168 7.92917 7.97505 8.01927 8.06178 8.1025 8.14138 8.17836 8.2134 8.24643 8.27741 8.3063 8.33304 8.35761 8.37995 8.40003 8.41783 8.43331 8.44646 8.45724 8.46564 8.47166 8.47527 8.47647 8.47527 8.47166 8.46564 8.45724 8.44646 8.43331 8.41783 8.40003 8.37995 8.35761 8.33304 8.3063 8.27741 8.24643 8.2134 8.17836 8.14138 8.1025 8.06178 8.01927 7.97505 7.92917 7.88168 7.83267 
1.4 6.61509 6.64513 6.67418 6.70223 6.72924 6.7552 6.78007 6.80383 6.82645 6.84791 6.86819 6.88727 6.90512 6.92173 6.93708 6.95115 6.96393 6.9754 6.98556 6.99438 7.00186 7.00799 7.01277 7.01619 7.01824 7.01892 7.01824 7.01619 7.01277 7.00799 7.00186 6.99438 6.98556 6.9754 6.96393 6.95115 6.93708 6.92173 6.90512 6.88727 6.86819 6.84791 6.82645 6.80383 6.78007 6.7552 6.72924 6.70223 6.67418 6.64513 
1.45 5.67814 5.69666 5.71453 5.73175 5.7483 5.76416 5.77933 5.7938 5.80754 5.82057 5.83285 5.84439 5.85517 5.86518 5.87443 5.8829 5.89058 5.89747 5.90356 5.90885 5.91333 5.917 5.91986 5.9219 5.92313 5.92354 5.92313 5.9219 5.91986 5.917 5.91333 5.90885 5.90356 5.89747 5.89058 5.8829 5.87443 5.86518 5.85517 5.84439 5.83285 5.82057 5.80754 5.7938 5.77933 5.76416 5.7483 5.73175 5.71453 5.69666 
1.5 4.92574 4.93757 4.94897 4.95993 4.97046 4.98053 4.99015 4.99931 5.00801 5.01623 5.02399 5.03126 5.03805 5.04435 5.05017 5.05549 5.06031 5.06463 5.06845 5.07177 5.07457 5.07687 5.07866 5.07994 5.08071 5.08097 5.08071 5.07994 5.07866 5.07687 5.07457 5.07177 5.06845 5.06463 5.06031 5.05549 5.05017 5.04435 5.03805 5.03126 5.02399 5.01623 5.00801 4.99931 4.99015 4.98053 4.97046 4.95993 4.94897 4.93757 
1.55 4.31751 4.32532 4.33284 4.34007 4.34699 4.35362 4.35994 4.36595 4.37165 4.37704 4.38212 4.38688 4.39132 4.39543 4.39923 4.4027 4.40585 4.40867 4.41116 4.41332 4.41515 4.41664 4.41781 4.41864 4.41914 4.41931 4.41914 4.41864 4.41781 4.41664 4.41515 4.41332 4.41116 4.40867 4.40585 4.4027 4.39923 4.39543 4.39132 4.38688 4.38212 4.37704 4.37165 4.36595 4.35994 4.35362 4.34699 4.34007 4.33284 4.32532 
1.6 3.82116 3.82647 3.83159 3.8365 3.8412 3.84569 3.84998 3.85405 3.85791 3.86156 3.865 3.86821 3.87121 3.874 3.87656 3.8789 3.88103 3.88293 3.88461 3.88606 3.8873 3.88831 3.88909 3.88965 3.88999 3.8901 3.88999 3.88965 3.88909 3.88831 3.8873 3.88606 3.88461 3.88293 3.88103 3.8789 3.87656 3.874 3.87121 3.86821 3.865 3.86156 3.85791 3.85405 3.84998 3.84569 3.8412 3.8365 3.83159 3.82647 
1.65 3.41184 3.41556 3.41913 3.42256 3.42584 3.42898 3.43197 3.43481 3.4375 3.44004 3.44243 3.44467 3.44676 3.4487 3.45048 3.45211 3.45359 3.45491 3.45607 3.45709 3.45794 3.45864 3.45919 3.45958 3.45981 3.45989 3.45981 3.45958 3.45919 3.45864 3.45794 3.45709 3.45607 3.45491 3.45359 3.45211 3.45048 3.4487 3.44676 3.44467 3.44243 3.44004 3.4375 3.43481 3.43197 3.42898 3.42584 3.42256 3.41913 3.41556 
1.7 3.07071 3.07338 3.07594 3.0784 3.08075 3.08299 3.08513 3.08716 3.08909 3.0909 3.09261 3.09421 3.0957 3.09709 3.09836 3.09952 3.10057 3.10152 3.10235 3.10307 3.10368 3.10418 3.10457 3.10485 3.10501 3.10507 3.10501 3.10485 3.10457 3.10418 3.10368 3.10307 3.10235 3.10152 3.10057 3.09952 3.09836 3.09709 3.0957 3.09421 3.09261 3.0909 3.08909 3.08716 3.08513 3.08299 3.08075 3.0784 3.07594 3.07338 
1.75 2.78352 2.78547 2.78735 2.78915 2.79087 2.79251 2.79408 2.79556 2.79697 2.7983 2.79955 2.80072 2.80181 2.80282 2.80375 2.8046 2.80537 2.80605 2.80666 2.80719 2.80763 2.808 2.80828 2.80849 2.80861 2.80865 2.80861 2.80849 2.80828 2.808 2.80763 2.80719 2.80666 2.80605 2.80537 2.8046 2.80375 2.80282 2.80181 2.80072 2.79955 2.7983 2.79697 2.79556 2.79408 2.79251 2.79087 2.78915 2.78735 2.78547 
1.8 2.5394 2.54086 2.54227 2.54361 2.5449 2.54612 2.54729 2.5484 2.54945 2.55044 2.55138 2.55225 2.55306 2.55381 2.55451 2.55514 2.55571 2.55623 2.55668 2.55707 2.55741 2.55768 2.55789 2.55804 2.55813 2.55816 2.55813 2.55804 2.55789 2.55768 2.55741 2.55707 2.55668 2.55623 2.55571 2.55514 2.55451 2.55381 2.55306 2.55225 2.55138 2.55044 2.54945 2.5484 2.54729 2.54612 2.5449 2.54361 2.54227 2.54086 
1.85 2.33005 2.33116 2.33223 2.33325 2.33423 2.33516 2.33605 2.3369 2.3377 2.33845 2.33916 2.33982 2.34044 2.34101 2.34154 2.34202 2.34245 2.34284 2.34319 2.34348 2.34374 2.34394 2.3441 2.34422 2.34429 2.34431 2.34429 2.34422 2.3441 2.34394 2.34374 2.34348 2.34319 2.34284 2.34245 2.34202 2.34154 2.34101 2.34044 2.33982 2.33916 2.33845 2.3377 2.3369 2.33605 2.33516 2.33423 2.33325 2.33223 2.33116 
1.9 2.14903 2.14989 2.15072 2.15151 2.15226 2.15299 2.15367 2.15432 2.15494 2.15552 2.15607 2.15658 2.15706 2.1575 2.15791 2.15828 2.15861 2.15892 2.15918 2.15941 2.15961 2.15977 2.15989 2.15998 2.16003 2.16005 2.16003 2.15998 2.15989 2.15977 2.15961 2.15941 2.15918 2.15892 2.15861 2.15828 2.15791 2.1575 2.15706 2.15658 2.15607 2.15552 2.15494 2.15432 2.15367 2.15299 2.15226 2.15151 2.15072 2.14989 
1.95 1.99132 1.992 1.99265 1.99327 1.99386 1.99442 1.99496 1.99547 1.99596 1.99641 1.99684 1.99724 1.99762 1.99796 1.99828 1.99857 1.99884 1.99907 1.99928 1.99946 1.99961 1.99974 1.99984 1.99991 1.99995 1.99996 1.99995 1.99991 1.99984 1.99974 1.99961 1.99946 1.99928 1.99907 1.99884 1.99857 1.99828 1.99796 1.99762 1.99724 1.99684 1.99641 1.99596 1.99547 1.99496 1.99442 1.99386 1.99327 1.99265 1.992 
2 1.85297 1.8535 1.85402 1.85451 1.85498 1.85543 1.85586 1.85626 1.85665 1.85701 1.85735 1.85767 1.85797 1.85824 1.8585 1.85873 1.85894 1.85912 1.85929 1.85943 1.85955 1.85965 1.85973 1.85978 1.85982 1.85983 1.85982 1.85978 1.85973 1.85965 1.85955 1.85943 1.85929 1.85912 1.85894 1.85873 1.8585 1.85824 1.85797 1.85767 1.85735 1.85701 1.85665 1.85626 1.85586 1.85543 1.85498 1.85451 1.85402 1.8535 
