0.05 -0.00030483 -0.000305181 -0.000305533 -0.000305885 -0.000306238 -0.000306591 -0.000306945 -0.000307299 -0.000307654 -0.00030801 -0.000308366 -0.000308722 -0.00030908 -0.000309437 -0.000309796 -0.000310154 -0.000310514 -0.000310874 -0.000311234 -0.000311595 -0.000311957 -0.000312319 -0.000312682 -0.000313045 -0.000315015 -1.73195e-12 0.000315015 0.000313045 0.000312682 0.000312319 0.000311957 0.000311595 0.000311234 0.000310874 0.000310514 0.000310154 0.000309796 0.000309437 0.00030908 0.000308722 0.000308366 0.00030801 0.000307654 0.000307299 0.000306945 0.000306591 0.000306238 0.000305885 0.000305533 0.000305181 
0.1 -0.00123358 -0.00123503 -0.00123649 -0.00123794 -0.0012394 -0.00124086 -0.00124232 -0.00124379 -0.00124526 -0.00124673 -0.0012482 -0.00124968 -0.00125115 -0.00125263 -0.00125412 -0.0012556 -0.00125709 -0.00125858 -0.00126007 -0.00126157 -0.00126306 -0.00126456 -0.00126607 -0.00126757 -0.00137153 -3.60822e-12 0.00137153 0.00126757 0.00126607 0.00126456 0.00126306 0.00126157 0.00126007 0.00125858 0.00125709 0.0012556 0.00125412 0.00125263 0.00125115 0.00124968 0.0012482 0.00124673 0.00124526 0.00124379 0.00124232 0.00124086 0.0012394 0.00123794 0.00123649 0.00123503 
0.15 -0.00283037 -0.00283382 -0.00283727 -0.00284074 -0.00284421 -0.00284768 -0.00285116 -0.00285465 -0.00285814 -0.00286164 -0.00286515 -0.00286866 -0.00287218 -0.00287571 -0.00287924 -0.00288278 -0.00288633 -0.00288988 -0.00289344 -0.00289702 -0.0029006 -0.00290421 -0.00290787 -0.00291175 -0.00407622 -1.0103e-12 0.00407622 0.00291175 0.00290787 0.00290421 0.0029006 0.00289702 0.00289344 0.00288988 0.00288633 0.00288278 0.00287924 0.00287571 0.00287218 0.00286866 0.00286515 0.00286164 0.00285814 0.00285465 0.00285116 0.00284768 0.00284421 0.00284074 0.00283727 0.00283382 
0.2 -0.00517335 -0.00517999 -0.00518664 -0.0051933 -0.00519997 -0.00520666 -0.00521337 -0.00522009 -0.00522682 -0.00523357 -0.00524034 -0.00524713 -0.00525394 -0.00526077 -0.00526762 -0.00527451 -0.00528144 -0.00528843 -0.0052955 -0.0053027 -0.00531015 -0.00531814 -0.0053276 -0.00534365 -0.0118091 7.93809e-13 0.0118091 0.00534365 0.0053276 0.00531814 0.00531015 0.0053027 0.0052955 0.00528843 0.00528144 0.00527451 0.00526762 0.00526077 0.00525394 0.00524713 0.00524034 0.00523357 0.00522682 0.00522009 0.00521337 0.00520666 0.00519997 0.0051933 0.00518664 0.00517999 
0.25 -0.00838273 -0.00839426 -0.00840583 -0.00841743 -0.00842908 -0.00844077 -0.00845251 -0.00846431 -0.00847616 -0.00848809 -0.00850011 -0.00851222 -0.00852446 -0.00853687 -0.00854948 -0.0085624 -0.00857573 -0.0085897 -0.0086047 -0.00862147 -0.00864163 -0.00866929 -0.00871792 -0.00886079 -0.0330241 9.38138e-13 0.0330241 0.00886079 0.00871792 0.00866929 0.00864163 0.00862147 0.0086047 0.0085897 0.00857573 0.0085624 0.00854948 0.00853687 0.00852446 0.00851222 0.00850011 0.00848809 0.00847616 0.00846431 0.00845251 0.00844077 0.00842908 0.00841743 0.00840583 0.00839426 
0.3 -0.0126362 -0.0126556 -0.0126751 -0.0126948 -0.0127147 -0.0127347 -0.0127551 -0.0127758 -0.0127968 -0.0128182 -0.0128403 -0.012863 -0.0128867 -0.0129116 -0.0129382 -0.0129672 -0.0129998 -0.0130377 -0.0130844 -0.0131464 -0.013238 -0.013395 -0.0137352 -0.0148988 -0.0841049 -7.21645e-13 0.0841049 0.0148988 0.0137352 0.013395 0.013238 0.0131464 0.0130844 0.0130377 0.0129998 0.0129672 0.0129382 0.0129116 0.0128867 0.012863 0.0128403 0.0128182 0.0127968 0.0127758 0.0127551 0.0127347 0.0127147 0.0126948 0.0126751 0.0126556 
0.35 -0.0182043 -0.0182383 -0.0182729 -0.0183084 -0.0183448 -0.0183824 -0.0184214 -0.0184621 -0.0185048 -0.0185501 -0.0185987 -0.0186515 -0.0187099 -0.0187758 -0.018852 -0.0189429 -0.0190554 -0.0192014 -0.0194016 -0.0196968 -0.0201749 -0.0210591 -0.023078 -0.0301656 -0.190351 -7.93809e-13 0.190351 0.0301656 0.023078 0.0210591 0.0201749 0.0196968 0.0194016 0.0192014 0.0190554 0.0189429 0.018852 0.0187758 0.0187099 0.0186515 0.0185987 0.0185501 0.0185048 0.0184621 0.0184214 0.0183824 0.0183448 0.0183084 0.0182729 0.0182383 
0.4 -0.025539 -0.0256066 -0.0256773 -0.0257518 -0.0258308 -0.025915 -0.0260056 -0.0261041 -0.0262123 -0.0263328 -0.0264688 -0.026625 -0.0268077 -0.0270263 -0.0272945 -0.0276333 -0.0280762 -0.0286797 -0.0295446 -0.030866 -0.0330659 -0.0372102 -0.0467485 -0.0797182 -0.379607 -2.67009e-12 0.379607 0.0797182 0.0467485 0.0372102 0.0330659 0.030866 0.0295446 0.0286797 0.0280762 0.0276333 0.0272945 0.0270263 0.0268077 0.026625 0.0264688 0.0263328 0.0262123 0.0261041 0.0260056 0.025915 0.0258308 0.0257518 0.0256773 0.0256066 
0.45 -0.0354882 -0.0356463 -0.0358165 -0.0360013 -0.0362033 -0.0364259 -0.0366738 -0.0369525 -0.0372695 -0.0376347 -0.0380612 -0.0385673 -0.0391785 -0.0399314 -0.0408802 -0.0421079 -0.0437468 -0.0460184 -0.0493176 -0.0544055 -0.0629138 -0.078903 -0.115085 -0.230667 -0.658137 1.08247e-12 0.658137 0.230667 0.115085 0.078903 0.0629138 0.0544055 0.0493176 0.0460184 0.0437468 0.0421079 0.0408802 0.0399314 0.0391785 0.0385673 0.0380612 0.0376347 0.0372695 0.0369525 0.0366738 0.0364259 0.0362033 0.0360013 0.0358165 0.0356463 
0.5 -0.0497739 -0.0501813 -0.0506297 -0.0511267 -0.0516817 -0.0523065 -0.053016 -0.0538296 -0.0547723 -0.0558773 -0.0571892 -0.058769 -0.0607022 -0.0631114 -0.0661771 -0.0701749 -0.0755415 -0.0830029 -0.0938386 -0.110477 -0.137984 -0.188382 -0.295513 -0.571597 -0.963098 -3.10307e-12 0.963098 0.571597 0.295513 0.188382 0.137984 0.110477 0.0938386 0.0830029 0.0755415 0.0701749 0.0661771 0.0631114 0.0607022 0.058769 0.0571892 0.0558773 0.0547723 0.0538296 0.053016 0.0523065 0.0516817 0.0511267 0.0506297 0.0501813 
0.55 -0.0719326 -0.0729925 -0.0741736 -0.075498 -0.0769934 -0.0786945 -0.0806451 -0.0829017 -0.0855373 -0.0886483 -0.0923639 -0.0968599 -0.102381 -0.109276 -0.118054 -0.12948 -0.144753 -0.165818 -0.196001 -0.24132 -0.313415 -0.436298 -0.659742 -1.03943 -1.14208 -1.73195e-12 1.14208 1.03943 0.659742 0.436298 0.313415 0.24132 0.196001 0.165818 0.144753 0.12948 0.118054 0.109276 0.102381 0.0968599 0.0923639 0.0886483 0.0855373 0.0829017 0.0806451 0.0786945 0.0769934 0.075498 0.0741736 0.0729925 
0.6 -0.1089 -0.111526 -0.114467 -0.117783 -0.121542 -0.125835 -0.130772 -0.136495 -0.143188 -0.15109 -0.160518 -0.1719 -0.18582 -0.203097 -0.224894 -0.252912 -0.289697 -0.339155 -0.407422 -0.504265 -0.644873 -0.849391 -1.12347 -1.35177 -1.08254 -1.15463e-12 1.08254 1.35177 1.12347 0.849391 0.644873 0.504265 0.407422 0.339155 0.289697 0.252912 0.224894 0.203097 0.18582 0.1719 0.160518 0.15109 0.143188 0.136495 0.130772 0.125835 0.121542 0.117783 0.114467 0.111526 
0.65 -0.173023 -0.179013 -0.185728 -0.193293 -0.201865 -0.211634 -0.222839 -0.235777 -0.250829 -0.268477 -0.289348 -0.31426 -0.344289 -0.380873 -0.425936 -0.482073 -0.552755 -0.64252 -0.756892 -0.901266 -1.07654 -1.26597 -1.40417 -1.33628 -0.863253 -1.15463e-12 0.863253 1.33628 1.40417 1.26597 1.07654 0.901266 0.756892 0.64252 0.552755 0.482073 0.425936 0.380873 0.344289 0.31426 0.289348 0.268477 0.250829 0.235777 0.222839 0.211634 0.201865 0.193293 0.185728 0.179013 
0.7 -0.282874 -0.295116 -0.308774 -0.324073 -0.341285 -0.360736 -0.382819 -0.408012 -0.436895 -0.470174 -0.508708 -0.553534 -0.605893 -0.667236 -0.739185 -0.823384 -0.921136 -1.03256 -1.15488 -1.27916 -1.38484 -1.43276 -1.36195 -1.10404 -0.628881 -3.4639e-12 0.628881 1.10404 1.36195 1.43276 1.38484 1.27916 1.15488 1.03256 0.921136 0.823384 0.739185 0.667236 0.605893 0.553534 0.508708 0.470174 0.436895 0.408012 0.382819 0.360736 0.341285 0.324073 0.308774 0.295116 
0.75 -0.45822 -0.479843 -0.503677 -0.530008 -0.559162 -0.591507 -0.627456 -0.667466 -0.71203 -0.761661 -0.816862 -0.878063 -0.945522 -1.01915 -1.09821 -1.18093 -1.26378 -1.3406 -1.40147 -1.43165 -1.41127 -1.31705 -1.12765 -0.832975 -0.444534 -2.09277e-12 0.444534 0.832975 1.12765 1.31705 1.41127 1.43165 1.40147 1.3406 1.26378 1.18093 1.09821 1.01915 0.945522 0.878063 0.816862 0.761661 0.71203 0.667466 0.627456 0.591507 0.559162 0.530008 0.503677 0.479843 
0.8 -0.702755 -0.734109 -0.767893 -0.804274 -0.843405 -0.885412 -0.930373 -0.978288 -1.02904 -1.08233 -1.13762 -1.194 -1.25007 -1.30378 -1.35221 -1.3914 -1.41617 -1.42004 -1.39541 -1.33405 -1.22819 -1.07207 -0.863879 -0.607629 -0.314058 -1.73195e-12 0.314058 0.607629 0.863879 1.07207 1.22819 1.33405 1.39541 1.42004 1.41617 1.3914 1.35221 1.30378 1.25007 1.194 1.13762 1.08233 1.02904 0.978288 0.930373 0.885412 0.843405 0.804274 0.767893 0.734109 
0.85 -0.979096 -1.01394 -1.05008 -1.08737 -1.12558 -1.16439 -1.20334 -1.24184 -1.2791 -1.31411 -1.3456 -1.37199 -1.39138 -1.4015 -1.39978 -1.38335 -1.34918 -1.29424 -1.21581 -1.11179 -0.981088 -0.824038 -0.642676 -0.440894 -0.224331 2.74225e-12 0.224331 0.440894 0.642676 0.824038 0.981088 1.11179 1.21581 1.29424 1.34918 1.38335 1.39978 1.4015 1.39138 1.37199 1.3456 1.31411 1.2791 1.24184 1.20334 1.16439 1.12558 1.08737 1.05008 1.01394 
0.9 -1.20778 -1.23454 -1.26049 -1.28524 -1.30829 -1.32908 -1.34697 -1.36118 -1.37087 -1.37508 -1.37276 -1.36278 -1.34396 -1.31509 -1.27499 -1.22259 -1.15697 -1.07744 -0.983671 -0.875751 -0.754249 -0.620274 -0.475482 -0.322045 -0.162573 1.15463e-12 0.162573 0.322045 0.475482 0.620274 0.754249 0.875751 0.983671 1.07744 1.15697 1.22259 1.27499 1.31509 1.34396 1.36278 1.37276 1.37508 1.37087 1.36118 1.34697 1.32908 1.30829 1.28524 1.26049 1.23454 
0.95 -1.31597 -1.32595 -1.3335 -1.33824 -1.33975 -1.33758 -1.33126 -1.3203 -1.3042 -1.28246 -1.25459 -1.22011 -1.1786 -1.12971 -1.07315 -1.00874 -0.936435 -0.856326 -0.768664 -0.673872 -0.572545 -0.465453 -0.353527 -0.237838 -0.119573 2.16493e-13 0.119573 0.237838 0.353527 0.465453 0.572545 0.673872 0.768664 0.856326 0.936435 1.00874 1.07315 1.12971 1.1786 1.22011 1.25459 1.28246 1.3042 1.3203 1.33126 1.33758 1.33975 1.33824 1.3335 1.32595 
1 -1.28992 -1.28297 -1.27324 -1.2605 -1.24452 -1.22509 -1.20199 -1.17502 -1.144 -1.10877 -1.0692 -1.02517 -0.976629 -0.923554 -0.865974 -0.803971 -0.737685 -0.667314 -0.593117 -0.515414 -0.434579 -0.351044 -0.265285 -0.177821 -0.089202 -1.51545e-12 0.089202 0.177821 0.265285 0.351044 0.434579 0.515414 0.593117 0.667314 0.737685 0.803971 0.865974 0.923554 0.976629 1.02517 1.0692 1.10877 1.144 1.17502 1.20199 1.22509 1.24452 1.2605 1.27324 1.28297 
1.05 -1.16998 -1.15183 -1.13137 -1.10853 -1.08321 -1.05536 -1.02491 -0.991813 -0.956043 -0.917583 -0.876432 -0.832612 -0.786161 -0.737142 -0.685637 -0.631751 -0.575611 -0.517367 -0.45719 -0.39527 -0.331819 -0.267062 -0.201243 -0.134616 -0.067445 2.09277e-12 0.067445 0.134616 0.201243 0.267062 0.331819 0.39527 0.45719 0.517367 0.575611 0.631751 0.685637 0.737142 0.786161 0.832612 0.876432 0.917583 0.956043 0.991813 1.02491 1.05536 1.08321 1.10853 1.13137 1.15183 
1.1 -1.00914 -0.986091 -0.961432 -0.935141 -0.907204 -0.877618 -0.846381 -0.813504 -0.779 -0.742896 -0.705222 -0.666022 -0.625344 -0.583248 -0.5398 -0.495079 -0.449168 -0.40216 -0.354156 -0.305264 -0.255598 -0.205277 -0.154426 -0.103175 -0.0516551 -6.4948e-13 0.0516551 0.103175 0.154426 0.205277 0.255598 0.305264 0.354156 0.40216 0.449168 0.495079 0.5398 0.583248 0.625344 0.666022 0.705222 0.742896 0.779 0.813504 0.846381 0.877618 0.907204 0.935141 0.961432 0.986091 
1.15 -0.845477 -0.821871 -0.797225 -0.771543 -0.744834 -0.717111 -0.68839 -0.658688 -0.628031 -0.596444 -0.563958 -0.530607 -0.496428 -0.461465 -0.42576 -0.389364 -0.352327 -0.314704 -0.276553 -0.237933 -0.198908 -0.15954 -0.119898 -0.0800481 -0.0400589 4.32987e-13 0.0400589 0.0800481 0.119898 0.15954 0.198908 0.237933 0.276553 0.314704 0.352327 0.389364 0.42576 0.461465 0.496428 0.530607 0.563958 0.596444 0.628031 0.658688 0.68839 0.717111 0.744834 0.771543 0.797225 0.821871 
1.2 -0.698207 -0.676287 -0.653719 -0.630514 -0.606684 -0.582241 -0.557202 -0.531584 -0.505406 -0.478687 -0.45145 -0.423719 -0.395518 -0.366874 -0.337816 -0.308372 -0.278574 -0.248453 -0.218042 -0.187375 -0.156487 -0.125414 -0.0941915 -0.0628569 -0.0314473 6.4948e-13 0.0314473 0.0628569 0.0941915 0.125414 0.156487 0.187375 0.218042 0.248453 0.278574 0.308372 0.337816 0.366874 0.395518 0.423719 0.45145 0.478687 0.505406 0.531584 0.557202 0.582241 0.606684 0.630514 0.653719 0.676287 
1.25 -0.573688 -0.554315 -0.534542 -0.514379 -0.493835 -0.472921 -0.45165 -0.430033 -0.408084 -0.385816 -0.363245 -0.340385 -0.317252 -0.293864 -0.270237 -0.246389 -0.222339 -0.198105 -0.173706 -0.149163 -0.124495 -0.0997218 -0.0748651 -0.0499452 -0.0249832 5.77316e-13 0.0249832 0.0499452 0.0748651 0.0997218 0.124495 0.149163 0.173706 0.198105 0.222339 0.246389 0.270237 0.293864 0.317252 0.340385 0.363245 0.385816 0.408084 0.430033 0.45165 0.472921 0.493835 0.514379 0.534542 0.554315 
1.3 -0.471721 -0.455019 -0.438068 -0.420876 -0.40345 -0.385798 -0.367927 -0.349847 -0.331566 -0.313093 -0.294438 -0.275611 -0.256621 -0.237479 -0.218196 -0.198782 -0.179249 -0.159608 -0.13987 -0.120048 -0.100152 -0.0801951 -0.0601893 -0.0401467 -0.0200795 -1.44329e-12 0.0200795 0.0401467 0.0601893 0.0801951 0.100152 0.120048 0.13987 0.159608 0.179249 0.198782 0.218196 0.237479 0.256621 0.275611 0.294438 0.313093 0.331566 0.349847 0.367927 0.385798 0.40345 0.420876 0.438068 0.455019 
1.35 -0.389493 -0.375256 -0.360863 -0.346318 -0.331626 -0.316793 -0.301825 -0.286726 -0.271504 -0.256163 -0.24071 -0.225151 -0.209492 -0.193741 -0.177903 -0.161986 -0.145997 -0.129942 -0.113828 -0.0976627 -0.0814534 -0.0652072 -0.0489313 -0.0326332 -0.0163203 0 0.0163203 0.0326332 0.0489313 0.0652072 0.0814534 0.0976627 0.113828 0.129942 0.145997 0.161986 0.177903 0.193741 0.209492 0.225151 0.24071 0.256163 0.271504 0.286726 0.301825 0.316793 0.331626 0.346318 0.360863 0.375256 
1.4 -0.323563 -0.311473 -0.299282 -0.286994 -0.274613 -0.262141 -0.249583 -0.236943 -0.224224 -0.21143 -0.198565 -0.185633 -0.172639 -0.159587 -0.14648 -0.133324 -0.120122 -0.106879 -0.0935996 -0.0802881 -0.066949 -0.0535869 -0.0402063 -0.0268119 -0.0134083 0 0.0134083 0.0268119 0.0402063 0.0535869 0.066949 0.0802881 0.0935996 0.106879 0.120122 0.133324 0.14648 0.159587 0.172639 0.185633 0.198565 0.21143 0.224224 0.236943 0.249583 0.262141 0.274613 0.286994 0.299282 0.311473 
1.45 -0.270707 -0.260433 -0.250093 -0.239689 -0.229224 -0.2187 -0.208121 -0.197487 -0.186802 -0.176069 -0.16529 -0.154468 -0.143606 -0.132705 -0.12177 -0.110803 -0.0998066 -0.0887838 -0.0777375 -0.0666705 -0.0555859 -0.0444864 -0.0333752 -0.0222551 -0.011129 4.32987e-13 0.011129 0.0222551 0.0333752 0.0444864 0.0555859 0.0666705 0.0777375 0.0887838 0.0998066 0.110803 0.12177 0.132705 0.143606 0.154468 0.16529 0.176069 0.186802 0.197487 0.208121 0.2187 0.229224 0.239689 0.250093 0.260433 
1.5 -0.228196 -0.219436 -0.210633 -0.201787 -0.1929 -0.183974 -0.175011 -0.166012 -0.156979 -0.147914 -0.138818 -0.129694 -0.120543 -0.111367 -0.102168 -0.0929479 -0.0837084 -0.0744515 -0.0651791 -0.0558931 -0.0465955 -0.0372881 -0.0279729 -0.0186518 -0.00932689 -2.88658e-13 0.00932689 0.0186518 0.0279729 0.0372881 0.0465955 0.0558931 0.0651791 0.0744515 0.0837084 0.0929479 0.102168 0.111367 0.120543 0.129694 0.138818 0.147914 0.156979 0.166012 0.175011 0.183974 0.1929 0.201787 0.210633 0.219436 
1.55 -0.193826 -0.186324 -0.178791 -0.17123 -0.16364 -0.156024 -0.148382 -0.140717 -0.133028 -0.125317 -0.117585 -0.109835 -0.102066 -0.0942797 -0.0864782 -0.0786624 -0.0708335 -0.0629929 -0.0551418 -0.0472815 -0.0394133 -0.0315385 -0.0236585 -0.0157745 -0.00788792 -1.44329e-12 0.00788792 0.0157745 0.0236585 0.0315385 0.0394133 0.0472815 0.0551418 0.0629929 0.0708335 0.0786624 0.0864782 0.0942797 0.102066 0.109835 0.117585 0.125317 0.133028 0.140717 0.148382 0.156024 0.16364 0.17123 0.178791 0.186324 
1.6 -0.165864 -0.159404 -0.152922 -0.14642 -0.139899 -0.133359 -0.126802 -0.120228 -0.113637 -0.107032 -0.100412 -0.0937791 -0.0871334 -0.080476 -0.0738078 -0.0671296 -0.0604425 -0.0537472 -0.0470447 -0.0403358 -0.0336215 -0.0269026 -0.0201802 -0.013455 -0.00672793 3.60822e-13 0.00672793 0.013455 0.0201802 0.0269026 0.0336215 0.0403358 0.0470447 0.0537472 0.0604425 0.0671296 0.0738078 0.080476 0.0871334 0.0937791 0.100412 0.107032 0.113637 0.120228 0.126802 0.133359 0.139899 0.14642 0.152922 0.159404 
1.65 -0.142959 -0.137364 -0.131753 -0.126129 -0.120491 -0.114839 -0.109176 -0.1035 -0.0978127 -0.0921148 -0.0864069 -0.0806895 -0.0749632 -0.0692287 -0.0634865 -0.0577373 -0.0519818 -0.0462205 -0.0404541 -0.0346833 -0.0289086 -0.0231307 -0.0173503 -0.0115679 -0.00578428 1.2268e-12 0.00578428 0.0115679 0.0173503 0.0231307 0.0289086 0.0346833 0.0404541 0.0462205 0.0519818 0.0577373 0.0634865 0.0692287 0.0749632 0.0806895 0.0864069 0.0921148 0.0978127 0.1035 0.109176 0.114839 0.120491 0.126129 0.131753 0.137364 
1.7 -0.124062 -0.119188 -0.114304 -0.109409 -0.104504 -0.09959 -0.0946667 -0.0897348 -0.0847947 -0.079847 -0.074892 -0.0699301 -0.0649619 -0.0599877 -0.055008 -0.0500234 -0.0450341 -0.0400407 -0.0350437 -0.0300434 -0.0250404 -0.0200351 -0.0150279 -0.0100194 -0.00500991 2.52576e-13 0.00500991 0.0100194 0.0150279 0.0200351 0.0250404 0.0300434 0.0350437 0.0400407 0.0450341 0.0500234 0.055008 0.0599877 0.0649619 0.0699301 0.074892 0.079847 0.0847947 0.0897348 0.0946667 0.09959 0.104504 0.109409 0.114304 0.119188 
1.75 -0.108362 -0.104093 -0.0998153 -0.0955303 -0.0912381 -0.0869389 -0.0826331 -0.078321 -0.0740029 -0.0696792 -0.0653501 -0.0610161 -0.0566774 -0.0523343 -0.0479872 -0.0436365 -0.0392824 -0.0349253 -0.0305655 -0.0262034 -0.0218392 -0.0174734 -0.0131062 -0.00873804 -0.00436919 -3.2474e-13 0.00436919 0.00873804 0.0131062 0.0174734 0.0218392 0.0262034 0.0305655 0.0349253 0.0392824 0.0436365 0.0479872 0.0523343 0.0566774 0.0610161 0.0653501 0.0696792 0.0740029 0.078321 0.0826331 0.0869389 0.0912381 0.0955303 0.0998153 0.104093 
1.8 -0.0952271 -0.0914663 -0.0876997 -0.0839275 -0.0801498 -0.0763669 -0.0725792 -0.0687867 -0.0649898 -0.0611887 -0.0573837 -0.0535749 -0.0497627 -0.0459472 -0.0421288 -0.0383076 -0.0344839 -0.030658 -0.0268301 -0.0230005 -0.0191694 -0.015337 -0.0115036 -0.0076695 -0.00383487 5.41234e-13 0.00383487 0.0076695 0.0115036 0.015337 0.0191694 0.0230005 0.0268301 0.030658 0.0344839 0.0383076 0.0421288 0.0459472 0.0497627 0.0535749 0.0573837 0.0611887 0.0649898 0.0687867 0.0725792 0.0763669 0.0801498 0.0839275 0.0876997 0.0914663 
1.85 -0.0841636 -0.0808335 -0.077499 -0.0741603 -0.0708174 -0.0674707 -0.0641202 -0.0607662 -0.0574089 -0.0540483 -0.0506848 -0.0473185 -0.0439496 -0.0405782 -0.0372046 -0.0338289 -0.0304514 -0.0270722 -0.0236914 -0.0203094 -0.0169262 -0.0135421 -0.0101572 -0.0067718 -0.00338599 -2.88658e-13 0.00338599 0.0067718 0.0101572 0.0135421 0.0169262 0.0203094 0.0236914 0.0270722 0.0304514 0.0338289 0.0372046 0.0405782 0.0439496 0.0473185 0.0506848 0.0540483 0.0574089 0.0607662 0.0641202 0.0674707 0.0708174 0.0741603 0.077499 0.0808335 
1.9 -0.0747846 -0.0718211 -0.0688542 -0.0658841 -0.0629108 -0.0599345 -0.0569554 -0.0539736 -0.0509893 -0.0480025 -0.0450134 -0.0420222 -0.039029 -0.0360339 -0.0330372 -0.0300388 -0.027039 -0.0240379 -0.0210357 -0.0180325 -0.0150284 -0.0120235 -0.00901816 -0.00601235 -0.00300625 -3.2474e-13 0.00300625 0.00601235 0.00901816 0.0120235 0.0150284 0.0180325 0.0210357 0.0240379 0.027039 0.0300388 0.0330372 0.0360339 0.039029 0.0420222 0.0450134 0.0480025 0.0509893 0.0539736 0.0569554 0.0599345 0.0629108 0.0658841 0.0688542 0.0718211 
1.95 -0.0667842 -0.0641344 -0.061482 -0.0588271 -0.0561697 -0.0535101 -0.0508482 -0.0481843 -0.0455183 -0.0428505 -0.0401809 -0.0375097 -0.0348369 -0.0321627 -0.0294871 -0.0268104 -0.0241325 -0.0214536 -0.0187739 -0.0160933 -0.0134121 -0.0107304 -0.00804816 -0.00536563 -0.00268287 7.93809e-13 0.00268287 0.00536563 0.00804816 0.0107304 0.0134121 0.0160933 0.0187739 0.0214536 0.0241325 0.0268104 0.0294871 0.0321627 0.0348369 0.0375097 0.0401809 0.0428505 0.0455183 0.0481843 0.0508482 0.0535101 0.0561697 0.0588271 0.061482 0.0641344 
2 -0.0599195 -0.0575397 -0.0551577 -0.0527738 -0.050388 -0.0480004 -0.0456111 -0.0432201 -0.0408276 -0.0384336 -0.0360382 -0.0336415 -0.0312436 -0.0288446 -0.0264445 -0.0240435 -0.0216416 -0.019239 -0.0168356 -0.0144317 -0.0120272 -0.00962227 -0.00721701 -0.00481148 -0.00240578 7.57727e-13 0.00240578 0.00481148 0.00721701 0.00962227 0.0120272 0.0144317 0.0168356 0.019239 0.0216416 0.0240435 0.0264445 0.0288446 0.0312436 0.0336415 0.0360382 0.0384336 0.0408276 0.0432201 0.0456111 0.0480004 0.050388 0.0527738 0.0551577 0.0575397 
