0.05 -0.00030483 -0.000305181 -0.000305533 -0.000305885 -0.000306238 -0.000306591 -0.000306945 -0.000307299 -0.000307654 -0.00030801 -0.000308366 -0.000308722 -0.00030908 -0.000309437 -0.000309796 -0.000310154 -0.000310514 -0.000310874 -0.000311234 -0.000311595 -0.000311957 -0.000312319 -0.000312682 -0.000313045 -0.00031341 1.78246e-11 0.00031341 0.000313045 0.000312682 0.000312319 0.000311957 0.000311595 0.000311234 0.000310874 0.000310514 0.000310154 0.000309796 0.000309437 0.00030908 0.000308722 0.000308366 0.00030801 0.000307654 0.000307299 0.000306945 0.000306591 0.000306238 0.000305885 0.000305533 0.000305181 
0.1 -0.00123358 -0.00123503 -0.00123649 -0.00123794 -0.0012394 -0.00124086 -0.00124233 -0.00124379 -0.00124526 -0.00124673 -0.0012482 -0.00124968 -0.00125116 -0.00125264 -0.00125412 -0.0012556 -0.00125709 -0.00125858 -0.00126007 -0.00126157 -0.00126306 -0.00126456 -0.00126607 -0.00126757 -0.00126918 -5.34017e-12 0.00126918 0.00126757 0.00126607 0.00126456 0.00126306 0.00126157 0.00126007 0.00125858 0.00125709 0.0012556 0.00125412 0.00125264 0.00125116 0.00124968 0.0012482 0.00124673 0.00124526 0.00124379 0.00124233 0.00124086 0.0012394 0.00123794 0.00123649 0.00123503 
0.15 -0.00283039 -0.00283384 -0.0028373 -0.00284076 -0.00284423 -0.00284771 -0.00285119 -0.00285468 -0.00285817 -0.00286167 -0.00286517 -0.00286869 -0.0028722 -0.00287573 -0.00287926 -0.0028828 -0.00288634 -0.00288989 -0.00289345 -0.00289701 -0.00290058 -0.00290415 -0.00290773 -0.00291132 -0.00291897 -7.43294e-12 0.00291897 0.00291132 0.00290773 0.00290415 0.00290058 0.00289701 0.00289345 0.00288989 0.00288634 0.0028828 0.00287926 0.00287573 0.0028722 0.00286869 0.00286517 0.00286167 0.00285817 0.00285468 0.00285119 0.00284771 0.00284423 0.00284076 0.0028373 0.00283384 
0.2 -0.00517356 -0.00518019 -0.00518684 -0.00519349 -0.00520016 -0.00520684 -0.00521354 -0.00522025 -0.00522697 -0.0052337 -0.00524045 -0.00524721 -0.00525398 -0.00526077 -0.00526757 -0.00527439 -0.00528121 -0.00528805 -0.00529491 -0.00530178 -0.00530866 -0.00531555 -0.00532246 -0.00532938 -0.00539009 -1.02474e-11 0.00539009 0.00532938 0.00532246 0.00531555 0.00530866 0.00530178 0.00529491 0.00528805 0.00528121 0.00527439 0.00526757 0.00526077 0.00525398 0.00524721 0.00524045 0.0052337 0.00522697 0.00522025 0.00521354 0.00520684 0.00520016 0.00519349 0.00518684 0.00518019 
0.25 -0.00838347 -0.00839493 -0.00840641 -0.00841792 -0.00842945 -0.00844101 -0.0084526 -0.00846421 -0.00847585 -0.00848751 -0.0084992 -0.00851091 -0.00852265 -0.00853442 -0.00854621 -0.00855803 -0.00856987 -0.00858174 -0.00859364 -0.00860557 -0.00861752 -0.0086295 -0.00864151 -0.00865356 -0.00906334 -2.77112e-11 0.00906334 0.00865356 0.00864151 0.0086295 0.00861752 0.00860557 0.00859364 0.00858174 0.00856987 0.00855803 0.00854621 0.00853442 0.00852265 0.00851091 0.0084992 0.00848751 0.00847585 0.00846421 0.0084526 0.00844101 0.00842945 0.00841792 0.00840641 0.00839493 
0.3 -0.0126354 -0.0126541 -0.0126728 -0.0126916 -0.0127104 -0.0127293 -0.0127483 -0.0127672 -0.0127863 -0.0128053 -0.0128245 -0.0128436 -0.0128629 -0.0128821 -0.0129014 -0.0129208 -0.0129402 -0.0129597 -0.0129793 -0.0129988 -0.0130185 -0.0130382 -0.0130581 -0.0130783 -0.0151306 -1.81855e-11 0.0151306 0.0130783 0.0130581 0.0130382 0.0130185 0.0129988 0.0129793 0.0129597 0.0129402 0.0129208 0.0129014 0.0128821 0.0128629 0.0128436 0.0128245 0.0128053 0.0127863 0.0127672 0.0127483 0.0127293 0.0127104 0.0126916 0.0126728 0.0126541 
0.35 -0.0181795 -0.0182091 -0.0182387 -0.0182684 -0.0182982 -0.0183281 -0.0183581 -0.0183882 -0.0184184 -0.0184487 -0.018479 -0.0185095 -0.01854 -0.0185707 -0.0186014 -0.0186323 -0.0186633 -0.0186944 -0.0187256 -0.0187571 -0.0187888 -0.018821 -0.0188545 -0.0188933 -0.026957 -1.15463e-11 0.026957 0.0188933 0.0188545 0.018821 0.0187888 0.0187571 0.0187256 0.0186944 0.0186633 0.0186323 0.0186014 0.0185707 0.01854 0.0185095 0.018479 0.0184487 0.0184184 0.0183882 0.0183581 0.0183281 0.0182982 0.0182684 0.0182387 0.0182091 
0.4 -0.0253719 -0.025418 -0.0254642 -0.0255105 -0.0255571 -0.0256038 -0.0256507 -0.0256977 -0.025745 -0.0257924 -0.0258401 -0.025888 -0.0259361 -0.0259844 -0.026033 -0.026082 -0.0261314 -0.0261813 -0.026232 -0.0262839 -0.026338 -0.0263967 -0.026468 -0.0265956 -0.0528405 -1.65257e-11 0.0528405 0.0265956 0.026468 0.0263967 0.026338 0.0262839 0.026232 0.0261813 0.0261314 0.026082 0.026033 0.0259844 0.0259361 0.025888 0.0258401 0.0257924 0.025745 0.0256977 0.0256507 0.0256038 0.0255571 0.0255105 0.0254642 0.025418 
0.45 -0.0347235 -0.0347952 -0.0348671 -0.0349395 -0.0350122 -0.0350853 -0.0351589 -0.0352328 -0.0353073 -0.0353823 -0.0354579 -0.0355342 -0.0356112 -0.0356893 -0.0357685 -0.0358494 -0.0359325 -0.0360189 -0.0361104 -0.0362107 -0.0363274 -0.0364804 -0.0367344 -0.0374414 -0.110722 -8.01026e-12 0.110722 0.0374414 0.0367344 0.0364804 0.0363274 0.0362107 0.0361104 0.0360189 0.0359325 0.0358494 0.0357685 0.0356893 0.0356112 0.0355342 0.0354579 0.0353823 0.0353073 0.0352328 0.0351589 0.0350853 0.0350122 0.0349395 0.0348671 0.0347952 
0.5 -0.0469826 -0.0470959 -0.0472101 -0.0473252 -0.0474414 -0.0475588 -0.0476774 -0.0477976 -0.0479194 -0.0480433 -0.0481695 -0.0482987 -0.0484316 -0.0485693 -0.0487134 -0.0488664 -0.0490322 -0.0492175 -0.0494343 -0.0497055 -0.0500811 -0.050688 -0.0519408 -0.056092 -0.234471 -3.17524e-12 0.234471 0.056092 0.0519408 0.050688 0.0500811 0.0497055 0.0494343 0.0492175 0.0490322 0.0488664 0.0487134 0.0485693 0.0484316 0.0482987 0.0481695 0.0480433 0.0479194 0.0477976 0.0476774 0.0475588 0.0474414 0.0473252 0.0472101 0.0470959 
0.55 -0.0632911 -0.0634783 -0.0636683 -0.0638617 -0.0640587 -0.0642601 -0.0644664 -0.0646786 -0.0648979 -0.0651258 -0.0653644 -0.0656167 -0.0658866 -0.06618 -0.0665054 -0.066876 -0.0673129 -0.0678513 -0.0685544 -0.0695446 -0.0710873 -0.0738543 -0.0800372 -0.101414 -0.477667 1.7103e-11 0.477667 0.101414 0.0800372 0.0738543 0.0710873 0.0695446 0.0685544 0.0678513 0.0673129 0.066876 0.0665054 0.06618 0.0658866 0.0656167 0.0653644 0.0651258 0.0648979 0.0646786 0.0644664 0.0642601 0.0640587 0.0638617 0.0636683 0.0634783 
0.6 -0.0855156 -0.0858529 -0.0862006 -0.0865604 -0.0869343 -0.0873248 -0.0877351 -0.0881692 -0.0886326 -0.0891323 -0.0896777 -0.090282 -0.0909634 -0.0917482 -0.0926752 -0.093804 -0.0952298 -0.0971121 -0.0997361 -0.103654 -0.110057 -0.121948 -0.148997 -0.240855 -0.900188 1.55154e-11 0.900188 0.240855 0.148997 0.121948 0.110057 0.103654 0.0997361 0.0971121 0.0952298 0.093804 0.0926752 0.0917482 0.0909634 0.090282 0.0896777 0.0891323 0.0886326 0.0881692 0.0877351 0.0873248 0.0869343 0.0865604 0.0862006 0.0858529 
0.65 -0.117 -0.117688 -0.118413 -0.119182 -0.120003 -0.120885 -0.121841 -0.122888 -0.124045 -0.125342 -0.126815 -0.128516 -0.130516 -0.13292 -0.135878 -0.139626 -0.144534 -0.151224 -0.160801 -0.175391 -0.199524 -0.244376 -0.344241 -0.648479 -1.50311 1.0969e-11 1.50311 0.648479 0.344241 0.244376 0.199524 0.175391 0.160801 0.151224 0.144534 0.139626 0.135878 0.13292 0.130516 0.128516 0.126815 0.125342 0.124045 0.122888 0.121841 0.120885 0.120003 0.119182 0.118413 0.117688 
0.7 -0.164252 -0.16583 -0.167534 -0.169383 -0.171407 -0.17364 -0.176124 -0.178915 -0.182087 -0.185736 -0.18999 -0.195025 -0.201089 -0.208533 -0.217876 -0.229907 -0.245869 -0.267821 -0.29936 -0.347234 -0.42526 -0.56509 -0.849342 -1.49465 -2.09049 3.10307e-12 2.09049 1.49465 0.849342 0.56509 0.42526 0.347234 0.29936 0.267821 0.245869 0.229907 0.217876 0.208533 0.201089 0.195025 0.18999 0.185736 0.182087 0.178915 0.176124 0.17364 0.171407 0.169383 0.167534 0.16583 
0.75 -0.24038 -0.244233 -0.248462 -0.253136 -0.258337 -0.26417 -0.270766 -0.278294 -0.286974 -0.297091 -0.30903 -0.323309 -0.340648 -0.362064 -0.38903 -0.423741 -0.469572 -0.531906 -0.619679 -0.748375 -0.945868 -1.26244 -1.7729 -2.43063 -2.26161 8.65974e-13 2.26161 2.43063 1.7729 1.26244 0.945868 0.748375 0.619679 0.531906 0.469572 0.423741 0.38903 0.362064 0.340648 0.323309 0.30903 0.297091 0.286974 0.278294 0.270766 0.26417 0.258337 0.253136 0.248462 0.244233 
0.8 -0.370761 -0.380061 -0.390367 -0.401855 -0.414742 -0.429298 -0.445859 -0.464854 -0.486826 -0.512483 -0.542748 -0.578847 -0.622428 -0.675744 -0.741913 -0.82532 -0.932198 -1.07145 -1.2556 -1.5013 -1.82619 -2.23123 -2.63583 -2.72334 -1.89367 7.21645e-13 1.89367 2.72334 2.63583 2.23123 1.82619 1.5013 1.2556 1.07145 0.932198 0.82532 0.741913 0.675744 0.622428 0.578847 0.542748 0.512483 0.486826 0.464854 0.445859 0.429298 0.414742 0.401855 0.390367 0.380061 
0.85 -0.59783 -0.618533 -0.6415 -0.667097 -0.695771 -0.728062 -0.764631 -0.806288 -0.854031 -0.909098 -0.973027 -1.04773 -1.13558 -1.2395 -1.36299 -1.5101 -1.68503 -1.89105 -2.12786 -2.38555 -2.63276 -2.79708 -2.74524 -2.29855 -1.34205 -4.97935e-12 1.34205 2.29855 2.74524 2.79708 2.63276 2.38555 2.12786 1.89105 1.68503 1.5101 1.36299 1.2395 1.13558 1.04773 0.973027 0.909098 0.854031 0.806288 0.764631 0.728062 0.695771 0.667097 0.6415 0.618533 
0.9 -0.970074 -1.0095 -1.05282 -1.10054 -1.15327 -1.21166 -1.27649 -1.3486 -1.42895 -1.51853 -1.61838 -1.72944 -1.85242 -1.98747 -2.13372 -2.28842 -2.44571 -2.59477 -2.71741 -2.78547 -2.75939 -2.59075 -2.23241 -1.65855 -0.888691 7.43294e-12 0.888691 1.65855 2.23241 2.59075 2.75939 2.78547 2.71741 2.59477 2.44571 2.28842 2.13372 1.98747 1.85242 1.72944 1.61838 1.51853 1.42895 1.3486 1.27649 1.21166 1.15327 1.10054 1.05282 1.0095 
0.95 -1.48662 -1.54497 -1.6075 -1.67445 -1.74605 -1.82243 -1.90365 -1.98959 -2.0799 -2.17388 -2.27036 -2.36747 -2.46245 -2.55135 -2.62865 -2.68703 -2.71703 -2.70702 -2.6436 -2.51253 -2.30066 -1.9986 -1.60407 -1.12487 -0.580307 -6.4948e-13 0.580307 1.12487 1.60407 1.9986 2.30066 2.51253 2.6436 2.70702 2.71703 2.68703 2.62865 2.55135 2.46245 2.36747 2.27036 2.17388 2.0799 1.98959 1.90365 1.82243 1.74605 1.67445 1.6075 1.54497 
1 -2.01316 -2.07237 -2.13282 -2.19406 -2.25553 -2.31645 -2.37585 -2.43247 -2.48475 -2.53078 -2.56822 -2.5943 -2.60579 -2.59902 -2.56995 -2.51426 -2.42761 -2.30591 -2.14574 -1.94478 -1.70234 -1.41981 -1.10096 -0.752066 -0.38165 5.05151e-13 0.38165 0.752066 1.10096 1.41981 1.70234 1.94478 2.14574 2.30591 2.42761 2.51426 2.56995 2.59902 2.60579 2.5943 2.56822 2.53078 2.48475 2.43247 2.37585 2.31645 2.25553 2.19406 2.13282 2.07237 
1.05 -2.31812 -2.35121 -2.38132 -2.40772 -2.42955 -2.44587 -2.4556 -2.45759 -2.45057 -2.43317 -2.40399 -2.36158 -2.3045 -2.23136 -2.14093 -2.03216 -1.90429 -1.75694 -1.59016 -1.40454 -1.20125 -0.982026 -0.749216 -0.505684 -0.254737 2.59792e-12 0.254737 0.505684 0.749216 0.982026 1.20125 1.40454 1.59016 1.75694 1.90429 2.03216 2.14093 2.23136 2.3045 2.36158 2.40399 2.43317 2.45057 2.45759 2.4556 2.44587 2.42955 2.40772 2.38132 2.35121 
1.1 -2.28594 -2.28338 -2.27606 -2.2635 -2.24518 -2.22058 -2.18918 -2.15044 -2.10388 -2.04902 -1.98544 -1.91277 -1.83071 -1.73907 -1.63776 -1.5268 -1.40638 -1.27682 -1.13858 -0.992315 -0.838808 -0.679005 -0.513985 -0.344941 -0.173163 1.37113e-12 0.173163 0.344941 0.513985 0.679005 0.838808 0.992315 1.13858 1.27682 1.40638 1.5268 1.63776 1.73907 1.83071 1.91277 1.98544 2.04902 2.10388 2.15044 2.18918 2.22058 2.24518 2.2635 2.27606 2.28338 
1.15 -2.009 -1.9819 -1.95074 -1.91534 -1.87552 -1.83111 -1.78197 -1.72797 -1.66903 -1.60507 -1.53606 -1.46199 -1.38292 -1.29893 -1.21015 -1.11675 -1.01896 -0.917041 -0.811324 -0.702165 -0.589971 -0.475183 -0.358278 -0.23976 -0.120154 -2.88658e-12 0.120154 0.23976 0.358278 0.475183 0.589971 0.702165 0.811324 0.917041 1.01896 1.11675 1.21015 1.29893 1.38292 1.46199 1.53606 1.60507 1.66903 1.72797 1.78197 1.83111 1.87552 1.91534 1.95074 1.9819 
1.2 -1.64727 -1.6107 -1.57145 -1.52946 -1.48473 -1.43722 -1.38693 -1.33386 -1.27805 -1.21952 -1.15832 -1.09452 -1.0282 -0.959449 -0.888382 -0.815126 -0.739824 -0.662632 -0.583722 -0.503278 -0.421495 -0.338579 -0.254747 -0.17022 -0.0852271 -9.38138e-13 0.0852271 0.17022 0.254747 0.338579 0.421495 0.503278 0.583722 0.662632 0.739824 0.815126 0.888382 0.959449 1.0282 1.09452 1.15832 1.21952 1.27805 1.33386 1.38693 1.43722 1.48473 1.52946 1.57145 1.6107 
1.25 -1.30559 -1.26908 -1.23097 -1.19127 -1.14999 -1.10715 -1.06277 -1.01689 -0.969541 -0.920758 -0.870591 -0.819092 -0.766321 -0.712339 -0.657217 -0.601028 -0.543853 -0.485775 -0.426882 -0.367268 -0.307028 -0.246261 -0.18507 -0.123559 -0.0618332 -7.07212e-12 0.0618332 0.123559 0.18507 0.246261 0.307028 0.367268 0.426882 0.485775 0.543853 0.601028 0.657217 0.712339 0.766321 0.819092 0.870591 0.920758 0.969541 1.01689 1.06277 1.10715 1.14999 1.19127 1.23097 1.26908 
1.3 -1.02298 -0.990542 -0.957186 -0.922927 -0.887782 -0.851773 -0.814921 -0.777252 -0.738791 -0.699569 -0.659617 -0.618968 -0.577658 -0.535725 -0.493209 -0.450151 -0.406595 -0.362585 -0.318168 -0.273392 -0.228306 -0.182959 -0.137403 -0.09169 -0.0458714 5.77316e-13 0.0458714 0.09169 0.137403 0.182959 0.228306 0.273392 0.318168 0.362585 0.406595 0.450151 0.493209 0.535725 0.577658 0.618968 0.659617 0.699569 0.738791 0.777252 0.814921 0.851773 0.887782 0.922927 0.957186 0.990542 
1.35 -0.802552 -0.775143 -0.747205 -0.718753 -0.6898 -0.66036 -0.63045 -0.600086 -0.569286 -0.538069 -0.506454 -0.474461 -0.442112 -0.409429 -0.376433 -0.34315 -0.309602 -0.275815 -0.241813 -0.207622 -0.173268 -0.138779 -0.10418 -0.0694992 -0.0347634 -1.06082e-11 0.0347634 0.0694992 0.10418 0.138779 0.173268 0.207622 0.241813 0.275815 0.309602 0.34315 0.376433 0.409429 0.442112 0.474461 0.506454 0.538069 0.569286 0.600086 0.63045 0.66036 0.6898 0.718753 0.747205 0.775143 
1.4 -0.634584 -0.611883 -0.588873 -0.565562 -0.541961 -0.518079 -0.493927 -0.469516 -0.444855 -0.419958 -0.394836 -0.3695 -0.343965 -0.318242 -0.292345 -0.266288 -0.240083 -0.213746 -0.187289 -0.160729 -0.134079 -0.107353 -0.0805677 -0.0537369 -0.026876 -1.19071e-12 0.026876 0.0537369 0.0805677 0.107353 0.134079 0.160729 0.187289 0.213746 0.240083 0.266288 0.292345 0.318242 0.343965 0.3695 0.394836 0.419958 0.444855 0.469516 0.493927 0.518079 0.541961 0.565562 0.588873 0.611883 
1.45 -0.50728 -0.488576 -0.469686 -0.450617 -0.431373 -0.411963 -0.392392 -0.372667 -0.352796 -0.332784 -0.312641 -0.292373 -0.271987 -0.251493 -0.230896 -0.210207 -0.189431 -0.168579 -0.147658 -0.126677 -0.105644 -0.084567 -0.0634557 -0.0423183 -0.0211635 2.48968e-12 0.0211635 0.0423183 0.0634557 0.084567 0.105644 0.126677 0.147658 0.168579 0.189431 0.210207 0.230896 0.251493 0.271987 0.292373 0.312641 0.332784 0.352796 0.372667 0.392392 0.411963 0.431373 0.450617 0.469686 0.488576 
1.5 -0.410427 -0.394982 -0.379422 -0.363751 -0.347973 -0.332092 -0.316112 -0.300038 -0.283875 -0.267626 -0.251297 -0.234891 -0.218415 -0.201872 -0.185268 -0.168607 -0.151894 -0.135135 -0.118334 -0.101497 -0.084629 -0.0677346 -0.0508193 -0.0338882 -0.0169467 3.2474e-13 0.0169467 0.0338882 0.0508193 0.0677346 0.084629 0.101497 0.118334 0.135135 0.151894 0.168607 0.185268 0.201872 0.218415 0.234891 0.251297 0.267626 0.283875 0.300038 0.316112 0.332092 0.347973 0.363751 0.379422 0.394982 
1.55 -0.336116 -0.323287 -0.310384 -0.29741 -0.284369 -0.271262 -0.258092 -0.244863 -0.231577 -0.218238 -0.204847 -0.191409 -0.177926 -0.164401 -0.150838 -0.137239 -0.123608 -0.109948 -0.0962612 -0.082552 -0.0688233 -0.0550782 -0.0413201 -0.0275522 -0.0137777 5.41234e-13 0.0137777 0.0275522 0.0413201 0.0550782 0.0688233 0.082552 0.0962612 0.109948 0.123608 0.137239 0.150838 0.164401 0.177926 0.191409 0.204847 0.218238 0.231577 0.244863 0.258092 0.271262 0.284369 0.29741 0.310384 0.323287 
1.6 -0.278495 -0.267756 -0.256969 -0.246136 -0.235258 -0.224338 -0.213377 -0.202377 -0.19134 -0.180268 -0.169163 -0.158027 -0.146862 -0.135669 -0.124452 -0.113212 -0.101951 -0.0906706 -0.0793737 -0.068062 -0.0567377 -0.0454028 -0.0340595 -0.0227099 -0.011356 0 0.011356 0.0227099 0.0340595 0.0454028 0.0567377 0.068062 0.0793737 0.0906706 0.101951 0.113212 0.124452 0.135669 0.146862 0.158027 0.169163 0.180268 0.19134 0.202377 0.213377 0.224338 0.235258 0.246136 0.256969 0.267756 
1.65 -0.2333 -0.224237 -0.215142 -0.206015 -0.196858 -0.187673 -0.17846 -0.169222 -0.159958 -0.150671 -0.141362 -0.132032 -0.122683 -0.113316 -0.103932 -0.0945327 -0.0851194 -0.0756935 -0.0662564 -0.0568095 -0.0473541 -0.0378917 -0.0284237 -0.0189515 -0.00947645 2.92266e-12 0.00947645 0.0189515 0.0284237 0.0378917 0.0473541 0.0568095 0.0662564 0.0756935 0.0851194 0.0945327 0.103932 0.113316 0.122683 0.132032 0.141362 0.150671 0.159958 0.169222 0.17846 0.187673 0.196858 0.206015 0.215142 0.224237 
1.7 -0.197444 -0.189731 -0.181996 -0.174239 -0.166461 -0.158664 -0.150848 -0.143014 -0.135164 -0.127297 -0.119415 -0.111518 -0.103609 -0.0956867 -0.0877532 -0.0798092 -0.0718556 -0.0638934 -0.0559235 -0.047947 -0.0399646 -0.0319775 -0.0239865 -0.0159926 -0.00799677 1.29896e-12 0.00799677 0.0159926 0.0239865 0.0319775 0.0399646 0.047947 0.0559235 0.0638934 0.0718556 0.0798092 0.0877532 0.0956867 0.103609 0.111518 0.119415 0.127297 0.135164 0.143014 0.150848 0.158664 0.166461 0.174239 0.181996 0.189731 
1.75 -0.168677 -0.162059 -0.155426 -0.148778 -0.142116 -0.135439 -0.12875 -0.122048 -0.115333 -0.108608 -0.101872 -0.0951257 -0.0883702 -0.0816061 -0.0748339 -0.0680543 -0.0612681 -0.0544757 -0.0476781 -0.0408757 -0.0340692 -0.0272594 -0.0204469 -0.0136324 -0.00681654 -1.44329e-13 0.00681654 0.0136324 0.0204469 0.0272594 0.0340692 0.0408757 0.0476781 0.0544757 0.0612681 0.0680543 0.0748339 0.0816061 0.0883702 0.0951257 0.101872 0.108608 0.115333 0.122048 0.12875 0.135439 0.142116 0.148778 0.155426 0.162059 
1.8 -0.14535 -0.139629 -0.133897 -0.128154 -0.1224 -0.116637 -0.110864 -0.105082 -0.099292 -0.0934934 -0.0876873 -0.0818739 -0.0760539 -0.0702276 -0.0643956 -0.0585583 -0.0527162 -0.0468697 -0.0410194 -0.0351658 -0.0293092 -0.0234503 -0.0175894 -0.0117271 -0.00586378 1.55154e-12 0.00586378 0.0117271 0.0175894 0.0234503 0.0293092 0.0351658 0.0410194 0.0468697 0.0527162 0.0585583 0.0643956 0.0702276 0.0760539 0.0818739 0.0876873 0.0934934 0.099292 0.105082 0.110864 0.116637 0.1224 0.128154 0.133897 0.139629 
1.85 -0.126244 -0.121262 -0.116272 -0.111274 -0.106269 -0.101256 -0.0962365 -0.0912102 -0.0861776 -0.0811392 -0.0760951 -0.0710458 -0.0659916 -0.0609329 -0.0558699 -0.0508031 -0.0457328 -0.0406594 -0.0355831 -0.0305044 -0.0254235 -0.0203409 -0.0152569 -0.0101719 -0.00508611 -1.80411e-13 0.00508611 0.0101719 0.0152569 0.0203409 0.0254235 0.0305044 0.0355831 0.0406594 0.0457328 0.0508031 0.0558699 0.0609329 0.0659916 0.0710458 0.0760951 0.0811392 0.0861776 0.0912102 0.0962365 0.101256 0.106269 0.111274 0.116272 0.121262 
1.9 -0.110447 -0.10608 -0.101707 -0.0973274 -0.0929424 -0.088552 -0.0841565 -0.079756 -0.0753509 -0.0709414 -0.0665277 -0.0621101 -0.0576889 -0.0532644 -0.0488367 -0.0444061 -0.0399729 -0.0355374 -0.0310998 -0.0266604 -0.0222194 -0.017777 -0.0133337 -0.00888957 -0.00444492 -4.32987e-13 0.00444492 0.00888957 0.0133337 0.017777 0.0222194 0.0266604 0.0310998 0.0355374 0.0399729 0.0444061 0.0488367 0.0532644 0.0576889 0.0621101 0.0665277 0.0709414 0.0753509 0.079756 0.0841565 0.088552 0.0929424 0.0973274 0.101707 0.10608 
1.95 -0.0972723 -0.0934197 -0.0895624 -0.0857007 -0.0818346 -0.0779645 -0.0740905 -0.0702128 -0.0663315 -0.0624469 -0.0585592 -0.0546686 -0.0507752 -0.0468792 -0.0429809 -0.0390804 -0.035178 -0.0312738 -0.027368 -0.0234609 -0.0195525 -0.0156432 -0.0117331 -0.00782239 -0.00391129 -2.88658e-12 0.00391129 0.00782239 0.0117331 0.0156432 0.0195525 0.0234609 0.027368 0.0312738 0.035178 0.0390804 0.0429809 0.0468792 0.0507752 0.0546686 0.0585592 0.0624469 0.0663315 0.0702128 0.0740905 0.0779645 0.0818346 0.0857007 0.0895624 0.0934197 
2 -0.0861939 -0.0827755 -0.0793535 -0.075928 -0.0724993 -0.0690675 -0.0656327 -0.062195 -0.0587546 -0.0553117 -0.0518664 -0.0484188 -0.0449691 -0.0415175 -0.038064 -0.0346089 -0.0311523 -0.0276944 -0.0242352 -0.020775 -0.0173139 -0.013852 -0.0103895 -0.00692661 -0.00346338 -7.57727e-13 0.00346338 0.00692661 0.0103895 0.013852 0.0173139 0.020775 0.0242352 0.0276944 0.0311523 0.0346089 0.038064 0.0415175 0.0449691 0.0484188 0.0518664 0.0553117 0.0587546 0.062195 0.0656327 0.0690675 0.0724993 0.075928 0.0793535 0.0827755 
