0.05 0.00030483 0.000305181 0.000305533 0.000305885 0.000306238 0.000306591 0.000306945 0.000307299 0.000307654 0.00030801 0.000308366 0.000308722 0.00030908 0.000309437 0.000309796 0.000310154 0.000310514 0.000310874 0.000311234 0.000311595 0.000311957 0.000312319 0.000312682 0.000313046 649.798 1299.59 649.796 0.000313046 0.000312682 0.000312319 0.000311957 0.000311595 0.000311234 0.000310874 0.000310514 0.000310154 0.000309796 0.000309437 0.00030908 0.000308722 0.000308366 0.00030801 0.000307654 0.000307299 0.000306945 0.000306591 0.000306238 0.000305885 0.000305533 0.000305181 
0.1 0.00123358 0.00123503 0.00123649 0.00123794 0.0012394 0.00124086 0.00124233 0.00124379 0.00124526 0.00124673 0.0012482 0.00124968 0.00125116 0.00125264 0.00125412 0.00125561 0.0012571 0.00125859 0.00126008 0.00126159 0.0012631 0.00126463 0.00126624 0.00126839 649.185 1298.37 649.185 0.00126839 0.00126624 0.00126463 0.0012631 0.00126159 0.00126008 0.00125859 0.0012571 0.00125561 0.00125412 0.00125264 0.00125116 0.00124968 0.0012482 0.00124673 0.00124526 0.00124379 0.00124233 0.00124086 0.0012394 0.00123794 0.00123649 0.00123503 
0.15 0.00283042 0.00283388 0.00283734 0.00284081 0.00284428 0.00284777 0.00285126 0.00285476 0.00285827 0.00286178 0.00286532 0.00286886 0.00287242 0.00287601 0.00287962 0.00288328 0.002887 0.00289084 0.00289488 0.00289932 0.00290468 0.00291255 0.00292988 0.0030163 648.157 1296.31 648.157 0.0030163 0.00292988 0.00291255 0.00290468 0.00289932 0.00289488 0.00289084 0.002887 0.00288328 0.00287962 0.00287601 0.00287242 0.00286886 0.00286532 0.00286178 0.00285827 0.00285476 0.00285126 0.00284777 0.00284428 0.00284081 0.00283734 0.00283388 
0.2 0.00517451 0.00518126 0.00518805 0.00519488 0.00520176 0.0052087 0.0052157 0.00522279 0.00522999 0.00523733 0.00524486 0.00525264 0.00526077 0.00526942 0.00527883 0.00528942 0.00530194 0.00531776 0.00533968 0.00537396 0.00543659 0.00557756 0.00601329 0.00860442 646.696 1293.38 646.696 0.00860442 0.00601329 0.00557756 0.00543659 0.00537396 0.00533968 0.00531776 0.00530194 0.00528942 0.00527883 0.00526942 0.00526077 0.00525264 0.00524486 0.00523733 0.00522999 0.00522279 0.0052157 0.0052087 0.00520176 0.00519488 0.00518805 0.00518126 
0.25 0.008397 0.00841023 0.00842381 0.00843781 0.00845233 0.00846752 0.00848353 0.00850062 0.0085191 0.00853944 0.0085623 0.00858863 0.00861989 0.00865831 0.00870749 0.00877345 0.0088668 0.00900735 0.00923518 0.00963983 0.0104505 0.0123835 0.0185397 0.055574 644.773 1289.46 644.773 0.055574 0.0185397 0.0123835 0.0104505 0.00963983 0.00923518 0.00900735 0.0088668 0.00877345 0.00870749 0.00865831 0.00861989 0.00858863 0.0085623 0.00853944 0.0085191 0.00850062 0.00848353 0.00846752 0.00845233 0.00843781 0.00842381 0.00841023 
0.3 0.0127536 0.0127878 0.0128248 0.0128654 0.0129104 0.012961 0.0130186 0.0130855 0.0131644 0.0132594 0.0133762 0.0135232 0.0137131 0.0139655 0.0143118 0.0148047 0.0155369 0.0166817 0.0185896 0.0220436 0.0290481 0.0458652 0.0995993 0.422997 642.28 1283.86 642.28 0.422997 0.0995993 0.0458652 0.0290481 0.0220436 0.0185896 0.0166817 0.0155369 0.0148047 0.0143118 0.0139655 0.0137131 0.0135232 0.0133762 0.0132594 0.0131644 0.0130855 0.0130186 0.012961 0.0129104 0.0128654 0.0128248 0.0127878 
0.35 0.0189135 0.0190391 0.0191824 0.0193475 0.0195398 0.0197665 0.0200371 0.0203645 0.0207666 0.0212683 0.0219053 0.0227298 0.0238204 0.0252989 0.0273605 0.0303323 0.0347896 0.041809 0.0535662 0.0749202 0.118308 0.222558 0.555477 2.54934 638.772 1273.26 638.772 2.54934 0.555477 0.222558 0.118308 0.0749202 0.0535662 0.041809 0.0347896 0.0303323 0.0273605 0.0252989 0.0238204 0.0227298 0.0219053 0.0212683 0.0207666 0.0203645 0.0200371 0.0197665 0.0195398 0.0193475 0.0191824 0.0190391 
0.4 0.0289135 0.0294237 0.0300186 0.0307184 0.0315493 0.0325459 0.0337543 0.0352368 0.0370794 0.0394025 0.0423783 0.0462589 0.0514233 0.0584586 0.068307 0.0825453 0.103947 0.137699 0.194277 0.297057 0.505773 1.00636 2.59692 11.9061 632.581 1245.18 632.581 11.9061 2.59692 1.00636 0.505773 0.297057 0.194277 0.137699 0.103947 0.0825453 0.068307 0.0584586 0.0514233 0.0462589 0.0423783 0.0394025 0.0370794 0.0352368 0.0337543 0.0325459 0.0315493 0.0307184 0.0300186 0.0294237 
0.45 0.0488002 0.050717 0.0529702 0.05564 0.0588305 0.062679 0.0673685 0.0731469 0.0803552 0.0894713 0.101178 0.116477 0.136869 0.164681 0.203644 0.259996 0.344696 0.478206 0.701753 1.107 1.92681 3.87804 9.96004 42.8011 618.576 1166.2 618.576 42.8011 9.96004 3.87804 1.92681 1.107 0.701753 0.478206 0.344696 0.259996 0.203644 0.164681 0.136869 0.116477 0.101178 0.0894713 0.0803552 0.0731469 0.0673685 0.062679 0.0588305 0.05564 0.0529702 0.050717 
0.5 0.0948919 0.101283 0.108817 0.117766 0.128485 0.141437 0.157245 0.176748 0.201101 0.23192 0.271517 0.323266 0.392235 0.486253 0.617849 0.807908 1.09298 1.54096 2.28757 3.63114 6.31527 12.5508 30.8942 111.349 584.846 991.808 584.846 111.349 30.8942 12.5508 6.31527 3.63114 2.28757 1.54096 1.09298 0.807908 0.617849 0.486253 0.392235 0.323266 0.271517 0.23192 0.201101 0.176748 0.157245 0.141437 0.128485 0.117766 0.108817 0.101283 
0.55 0.206672 0.225614 0.247961 0.274523 0.306347 0.344813 0.391756 0.449656 0.521917 0.613292 0.730556 0.883576 1.0871 1.36379 1.74972 2.30447 3.13122 4.41874 6.53644 10.2706 17.4823 33.2174 73.6106 196.609 515.442 740.741 515.442 196.609 73.6106 33.2174 17.4823 10.2706 6.53644 4.41874 3.13122 2.30447 1.74972 1.36379 1.0871 0.883576 0.730556 0.613292 0.521917 0.449656 0.391756 0.344813 0.306347 0.274523 0.247961 0.225614 
0.6 0.469483 0.519789 0.579107 0.649553 0.73387 0.835648 0.959652 1.11229 1.30232 1.5419 1.84821 2.24611 2.77232 3.48263 4.46431 5.85864 7.90362 11.0188 15.9835 24.334 39.2973 68.0376 126.449 241.929 411.015 503.977 411.015 241.929 126.449 68.0376 39.2973 24.334 15.9835 11.0188 7.90362 5.85864 4.46431 3.48263 2.77232 2.24611 1.84821 1.5419 1.30232 1.11229 0.959652 0.835648 0.73387 0.649553 0.579107 0.519789 
0.65 1.0458 1.16587 1.30711 1.47439 1.67396 1.91396 2.2051 2.56163 3.0028 3.55498 4.25488 5.15453 6.32907 7.88933 10.0026 12.9274 17.0741 23.1103 32.1476 46.0615 67.98 102.738 156.003 228.144 300.296 332.261 300.296 228.144 156.003 102.738 67.98 46.0615 32.1476 23.1103 17.0741 12.9274 10.0026 7.88933 6.32907 5.15453 4.25488 3.55498 3.0028 2.56163 2.2051 1.91396 1.67396 1.47439 1.30711 1.16587 
0.7 2.19588 2.45159 2.75077 3.10294 3.52015 4.01787 4.61606 5.34078 6.22636 7.31856 8.679 10.3916 12.5721 15.3813 19.0455 23.8842 30.3497 39.0756 50.9248 66.9944 88.47 116.102 149.02 183.027 209.891 220.269 209.891 183.027 149.02 116.102 88.47 66.9944 50.9248 39.0756 30.3497 23.8842 19.0455 15.3813 12.5721 10.3916 8.679 7.31856 6.22636 5.34078 4.61606 4.01787 3.52015 3.10294 2.75077 2.45159 
0.75 4.22681 4.70327 5.255 5.89691 6.64747 7.52962 8.57201 9.81061 11.2908 13.0699 15.2206 17.835 21.0298 24.9512 29.78 35.7346 43.0659 52.0396 62.8896 75.7287 90.4001 106.28 122.097 135.92 145.494 148.932 145.494 135.92 122.097 106.28 90.4001 75.7287 62.8896 52.0396 43.0659 35.7346 29.78 24.9512 21.0298 17.835 15.2206 13.0699 11.2908 9.81061 8.57201 7.52962 6.64747 5.89691 5.255 4.70327 
0.8 7.27542 8.02842 8.88554 9.86396 10.984 12.2696 13.7491 15.4556 17.4281 19.7113 22.3567 25.4216 28.9687 33.0627 37.7656 43.1282 49.177 55.8956 63.2017 70.9201 78.7609 86.3111 93.0533 98.4219 101.894 103.097 101.894 98.4219 93.0533 86.3111 78.7609 70.9201 63.2017 55.8956 49.177 43.1282 37.7656 33.0627 28.9687 25.4216 22.3567 19.7113 17.4281 15.4556 13.7491 12.2696 10.984 9.86396 8.88554 8.02842 
0.85 10.9568 11.9338 13.0193 14.2261 15.5682 17.061 18.7208 20.5648 22.6102 24.8741 27.372 30.1163 33.1145 36.3664 39.8612 43.5735 47.4601 51.456 55.4724 59.3959 63.0919 66.4107 69.1984 71.3112 72.631 73.08 72.631 71.3112 69.1984 66.4107 63.0919 59.3959 55.4724 51.456 47.4601 43.5735 39.8612 36.3664 33.1145 30.1163 27.372 24.8741 22.6102 20.5648 18.7208 17.061 15.5682 14.2261 13.0193 11.9338 
0.9 14.2816 15.3055 16.4107 17.6024 18.8852 20.2633 21.74 23.3175 24.9963 26.775 28.6495 30.6124 32.6525 34.7541 36.8965 39.0539 41.1949 43.283 45.2772 47.1334 48.8058 50.2495 51.4225 52.2887 52.8202 52.9994 52.8202 52.2887 51.4225 50.2495 48.8058 47.1334 45.2772 43.283 41.1949 39.0539 36.8965 34.7541 32.6525 30.6124 28.6495 26.775 24.9963 23.3175 21.74 20.2633 18.8852 17.6024 16.4107 15.3055 
0.95 16.2379 17.1168 18.0388 19.0036 20.0104 21.0578 22.1435 23.2642 24.4156 25.5925 26.7882 27.9947 29.203 30.4024 31.5811 32.7262 33.8239 34.8596 35.8187 36.6863 37.4485 38.0921 38.6057 38.9797 39.207 39.2833 39.207 38.9797 38.6057 38.0921 37.4485 36.6863 35.8187 34.8596 33.8239 32.7262 31.5811 30.4024 29.203 27.9947 26.7882 25.5925 24.4156 23.2642 22.1435 21.0578 20.0104 19.0036 18.0388 17.1168 
1 16.5135 17.1579 17.8175 18.4906 19.1754 19.8695 20.5703 21.2751 21.9803 22.6825 23.3775 24.061 24.7284 25.3749 25.9953 26.5846 27.1375 27.6489 28.1139 28.5277 28.8859 29.1846 29.4207 29.5912 29.6944 29.7289 29.6944 29.5912 29.4207 29.1846 28.8859 28.5277 28.1139 27.6489 27.1375 26.5846 25.9953 25.3749 24.7284 24.061 23.3775 22.6825 21.9803 21.2751 20.5703 19.8695 19.1754 18.4906 17.8175 17.1579 
1.05 15.516 15.9415 16.3687 16.7965 17.2235 17.6482 18.0691 18.4845 18.8928 19.292 19.6803 20.0558 20.4165 20.7604 21.0857 21.3903 21.6725 21.9303 22.1622 22.3666 22.542 22.6873 22.8014 22.8835 22.933 22.9495 22.933 22.8835 22.8014 22.6873 22.542 22.3666 22.1622 21.9303 21.6725 21.3903 21.0857 20.7604 20.4165 20.0558 19.6803 19.292 18.8928 18.4845 18.0691 17.6482 17.2235 16.7965 16.3687 15.9415 
1.1 13.8761 14.1412 14.4038 14.6632 14.9187 15.1696 15.415 15.6542 15.8864 16.1108 16.3267 16.5331 16.7294 16.9147 17.0883 17.2495 17.3976 17.532 17.6521 17.7573 17.8472 17.9213 17.9792 18.0209 18.0459 18.0543 18.0459 18.0209 17.9792 17.9213 17.8472 17.7573 17.6521 17.532 17.3976 17.2495 17.0883 16.9147 16.7294 16.5331 16.3267 16.1108 15.8864 15.6542 15.415 15.1696 14.9187 14.6632 14.4038 14.1412 
1.15 12.0792 12.2407 12.3991 12.5541 12.7054 12.8526 12.9954 13.1335 13.2664 13.3939 13.5156 13.6313 13.7404 13.8429 13.9383 14.0264 14.107 14.1797 14.2445 14.301 14.3491 14.3887 14.4196 14.4418 14.4551 14.4596 14.4551 14.4418 14.4196 14.3887 14.3491 14.301 14.2445 14.1797 14.107 14.0264 13.9383 13.8429 13.7404 13.6313 13.5156 13.3939 13.2664 13.1335 12.9954 12.8526 12.7054 12.5541 12.3991 12.2407 
1.2 10.3897 10.488 10.5837 10.6769 10.7672 10.8546 10.9389 11.0199 11.0975 11.1716 11.2419 11.3084 11.371 11.4294 11.4837 11.5336 11.5791 11.6201 11.6564 11.6881 11.715 11.7371 11.7544 11.7667 11.7741 11.7766 11.7741 11.7667 11.7544 11.7371 11.715 11.6881 11.6564 11.6201 11.5791 11.5336 11.4837 11.4294 11.371 11.3084 11.2419 11.1716 11.0975 11.0199 10.9389 10.8546 10.7672 10.6769 10.5837 10.488 
1.25 8.91208 8.97262 9.03137 9.08826 9.14321 9.19616 9.24702 9.29574 9.34224 9.38647 9.42834 9.46782 9.50483 9.53934 9.57127 9.60059 9.62726 9.65123 9.67247 9.69094 9.70662 9.71948 9.72951 9.73668 9.74099 9.74242 9.74099 9.73668 9.72951 9.71948 9.70662 9.69094 9.67247 9.65123 9.62726 9.60059 9.57127 9.53934 9.50483 9.46782 9.42834 9.38647 9.34224 9.29574 9.24702 9.19616 9.14321 9.08826 9.03137 8.97262 
1.3 7.66478 7.70283 7.73964 7.77518 7.80941 7.8423 7.87381 7.90392 7.93259 7.95979 7.98549 8.00967 8.0323 8.05335 8.07281 8.09065 8.10685 8.12139 8.13426 8.14544 8.15493 8.1627 8.16876 8.17309 8.17569 8.17655 8.17569 8.17309 8.16876 8.1627 8.15493 8.14544 8.13426 8.12139 8.10685 8.09065 8.07281 8.05335 8.0323 8.00967 7.98549 7.95979 7.93259 7.90392 7.87381 7.8423 7.80941 7.77518 7.73964 7.70283 
1.35 6.62882 6.65329 6.67691 6.69967 6.72155 6.74253 6.7626 6.78174 6.79993 6.81716 6.83342 6.84869 6.86297 6.87624 6.88848 6.8997 6.90987 6.919 6.92707 6.93408 6.94002 6.94488 6.94867 6.95138 6.95301 6.95355 6.95301 6.95138 6.94867 6.94488 6.94002 6.93408 6.92707 6.919 6.90987 6.8997 6.88848 6.87624 6.86297 6.84869 6.83342 6.81716 6.79993 6.78174 6.7626 6.74253 6.72155 6.69967 6.67691 6.65329 
1.4 5.77313 5.78925 5.80479 5.81974 5.83409 5.84783 5.86096 5.87346 5.88533 5.89656 5.90715 5.91708 5.92636 5.93498 5.94292 5.95019 5.95678 5.96269 5.96792 5.97245 5.97629 5.97944 5.98188 5.98364 5.98469 5.98504 5.98469 5.98364 5.98188 5.97944 5.97629 5.97245 5.96792 5.96269 5.95678 5.95019 5.94292 5.93498 5.92636 5.91708 5.90715 5.89656 5.88533 5.87346 5.86096 5.84783 5.83409 5.81974 5.80479 5.78925 
1.45 5.06597 5.07684 5.08732 5.09738 5.10703 5.11626 5.12507 5.13346 5.14141 5.14893 5.15602 5.16266 5.16886 5.17461 5.17991 5.18476 5.18916 5.19309 5.19657 5.19959 5.20215 5.20424 5.20587 5.20703 5.20773 5.20797 5.20773 5.20703 5.20587 5.20424 5.20215 5.19959 5.19657 5.19309 5.18916 5.18476 5.17991 5.17461 5.16886 5.16266 5.15602 5.14893 5.14141 5.13346 5.12507 5.11626 5.10703 5.09738 5.08732 5.07684 
1.5 4.47926 4.48677 4.49399 4.50093 4.50757 4.51393 4.51999 4.52575 4.53121 4.53637 4.54123 4.54579 4.55004 4.55398 4.55761 4.56093 4.56393 4.56663 4.56901 4.57107 4.57282 4.57425 4.57536 4.57616 4.57663 4.57679 4.57663 4.57616 4.57536 4.57425 4.57282 4.57107 4.56901 4.56663 4.56393 4.56093 4.55761 4.55398 4.55004 4.54579 4.54123 4.53637 4.53121 4.52575 4.51999 4.51393 4.50757 4.50093 4.49399 4.48677 
1.55 3.98966 3.99495 4.00005 4.00493 4.00961 4.01408 4.01835 4.0224 4.02624 4.02986 4.03328 4.03647 4.03945 4.04222 4.04476 4.04709 4.0492 4.05108 4.05275 4.0542 4.05542 4.05642 4.0572 4.05776 4.05809 4.0582 4.05809 4.05776 4.0572 4.05642 4.05542 4.0542 4.05275 4.05108 4.0492 4.04709 4.04476 4.04222 4.03945 4.03647 4.03328 4.02986 4.02624 4.0224 4.01835 4.01408 4.00961 4.00493 4.00005 3.99495 
1.6 3.57833 3.58214 3.5858 3.58932 3.59268 3.5959 3.59896 3.60187 3.60462 3.60722 3.60967 3.61196 3.6141 3.61608 3.6179 3.61957 3.62108 3.62243 3.62362 3.62466 3.62553 3.62625 3.62681 3.62721 3.62745 3.62753 3.62745 3.62721 3.62681 3.62625 3.62553 3.62466 3.62362 3.62243 3.62108 3.61957 3.6179 3.61608 3.6141 3.61196 3.60967 3.60722 3.60462 3.60187 3.59896 3.5959 3.59268 3.58932 3.5858 3.58214 
1.65 3.23029 3.23308 3.23577 3.23834 3.24081 3.24316 3.2454 3.24753 3.24955 3.25145 3.25324 3.25492 3.25648 3.25792 3.25926 3.26048 3.26158 3.26256 3.26344 3.26419 3.26483 3.26535 3.26576 3.26605 3.26623 3.26629 3.26623 3.26605 3.26576 3.26535 3.26483 3.26419 3.26344 3.26256 3.26158 3.26048 3.25926 3.25792 3.25648 3.25492 3.25324 3.25145 3.24955 3.24753 3.2454 3.24316 3.24081 3.23834 3.23577 3.23308 
1.7 2.93366 2.93575 2.93775 2.93967 2.94151 2.94326 2.94493 2.94652 2.94802 2.94944 2.95077 2.95202 2.95318 2.95426 2.95525 2.95616 2.95698 2.95771 2.95836 2.95892 2.9594 2.95979 2.96009 2.96031 2.96044 2.96048 2.96044 2.96031 2.96009 2.95979 2.9594 2.95892 2.95836 2.95771 2.95698 2.95616 2.95525 2.95426 2.95318 2.95202 2.95077 2.94944 2.94802 2.94652 2.94493 2.94326 2.94151 2.93967 2.93775 2.93575 
1.75 2.67907 2.68066 2.68217 2.68363 2.68502 2.68635 2.68761 2.68882 2.68995 2.69103 2.69203 2.69298 2.69386 2.69467 2.69542 2.69611 2.69673 2.69728 2.69777 2.6982 2.69856 2.69885 2.69908 2.69925 2.69934 2.69938 2.69934 2.69925 2.69908 2.69885 2.69856 2.6982 2.69777 2.69728 2.69673 2.69611 2.69542 2.69467 2.69386 2.69298 2.69203 2.69103 2.68995 2.68882 2.68761 2.68635 2.68502 2.68363 2.68217 2.68066 
1.8 2.45907 2.46029 2.46145 2.46257 2.46364 2.46466 2.46564 2.46656 2.46743 2.46826 2.46903 2.46976 2.47043 2.47106 2.47164 2.47216 2.47264 2.47307 2.47344 2.47377 2.47404 2.47427 2.47445 2.47457 2.47465 2.47467 2.47465 2.47457 2.47445 2.47427 2.47404 2.47377 2.47344 2.47307 2.47264 2.47216 2.47164 2.47106 2.47043 2.46976 2.46903 2.46826 2.46743 2.46656 2.46564 2.46466 2.46364 2.46257 2.46145 2.46029 
1.85 2.26771 2.26866 2.26957 2.27045 2.27128 2.27208 2.27283 2.27355 2.27423 2.27488 2.27548 2.27604 2.27657 2.27706 2.27751 2.27792 2.27829 2.27862 2.27891 2.27917 2.27938 2.27956 2.27969 2.27979 2.27985 2.27987 2.27985 2.27979 2.27969 2.27956 2.27938 2.27917 2.27891 2.27862 2.27829 2.27792 2.27751 2.27706 2.27657 2.27604 2.27548 2.27488 2.27423 2.27355 2.27283 2.27208 2.27128 2.27045 2.26957 2.26866 
1.9 2.10025 2.101 2.10172 2.10241 2.10306 2.10369 2.10429 2.10486 2.10539 2.1059 2.10638 2.10682 2.10724 2.10762 2.10798 2.1083 2.10859 2.10885 2.10908 2.10928 2.10945 2.10959 2.1097 2.10978 2.10982 2.10984 2.10982 2.10978 2.1097 2.10959 2.10945 2.10928 2.10908 2.10885 2.10859 2.1083 2.10798 2.10762 2.10724 2.10682 2.10638 2.1059 2.10539 2.10486 2.10429 2.10369 2.10306 2.10241 2.10172 2.101 
1.95 1.95284 1.95344 1.95401 1.95456 1.95509 1.95559 1.95607 1.95652 1.95695 1.95735 1.95773 1.95809 1.95842 1.95873 1.95901 1.95927 1.9595 1.95971 1.95989 1.96005 1.96019 1.9603 1.96038 1.96045 1.96048 1.9605 1.96048 1.96045 1.96038 1.9603 1.96019 1.96005 1.95989 1.95971 1.9595 1.95927 1.95901 1.95873 1.95842 1.95809 1.95773 1.95735 1.95695 1.95652 1.95607 1.95559 1.95509 1.95456 1.95401 1.95344 
2 1.82238 1.82286 1.82332 1.82377 1.82419 1.8246 1.82498 1.82535 1.82569 1.82602 1.82632 1.82661 1.82688 1.82713 1.82735 1.82756 1.82775 1.82792 1.82807 1.8282 1.82831 1.82839 1.82846 1.82851 1.82854 1.82855 1.82854 1.82851 1.82846 1.82839 1.82831 1.8282 1.82807 1.82792 1.82775 1.82756 1.82735 1.82713 1.82688 1.82661 1.82632 1.82602 1.82569 1.82535 1.82498 1.8246 1.82419 1.82377 1.82332 1.82286 
