0.05 0.000339217 0.000344059 0.000349721 0.000356395 0.000364338 0.000373882 0.000385473 0.000399716 0.000417442 0.000439816 0.000468505 0.000505949 0.000555817 0.000623793 0.000719005 0.000856725 0.00106384 0.00139063 0.00193878 0.00293541 0.00496205 0.00983553 0.0254215 0.119318 649.763 1299.33 649.763 0.119318 0.0254215 0.00983553 0.00496205 0.00293541 0.00193878 0.00139063 0.00106384 0.000856725 0.000719005 0.000623793 0.000555817 0.000505949 0.000468505 0.000439816 0.000417442 0.000399716 0.000385473 0.000373882 0.000364338 0.000356395 0.000349721 0.000344059 
0.1 0.00342592 0.00371372 0.00405367 0.0044582 0.0049435 0.00553086 0.00624872 0.00713555 0.00824435 0.00964936 0.0114568 0.0138222 0.0169793 0.0212903 0.0273365 0.0360908 0.0492647 0.0700599 0.104945 0.168359 0.297232 0.606684 1.59253 7.42879 647.061 1281.62 647.061 7.42879 1.59253 0.606684 0.297232 0.168359 0.104945 0.0700599 0.0492647 0.0360908 0.0273365 0.0212903 0.0169793 0.0138222 0.0114568 0.00964936 0.00824435 0.00713555 0.00624872 0.00553086 0.0049435 0.0044582 0.00405367 0.00371372 
0.15 0.0276292 0.0308702 0.0347003 0.03926 0.0447319 0.0513563 0.059454 0.0694589 0.081968 0.0978179 0.118204 0.144877 0.180463 0.229028 0.297089 0.395531 0.543458 0.776482 1.16619 1.87123 3.29235 6.65059 16.9363 68.8245 625.266 1137.71 625.266 68.8245 16.9363 6.65059 3.29235 1.87123 1.16619 0.776482 0.543458 0.395531 0.297089 0.229028 0.180463 0.144877 0.118204 0.0978179 0.081968 0.0694589 0.059454 0.0513563 0.0447319 0.03926 0.0347003 0.0308702 
0.2 0.142821 0.160754 0.181938 0.207146 0.23738 0.273957 0.318632 0.373777 0.442644 0.529783 0.641673 0.787763 0.982172 1.24663 1.61572 2.14665 2.93863 4.17344 6.20783 9.80405 16.7777 32.105 72.0458 197.92 543.437 792.347 543.437 197.92 72.0458 32.105 16.7777 9.80405 6.20783 4.17344 2.93863 2.14665 1.61572 1.24663 0.982172 0.787763 0.641673 0.529783 0.442644 0.373777 0.318632 0.273957 0.23738 0.207146 0.181938 0.160754 
0.25 0.521703 0.58802 0.666232 0.759124 0.870295 1.00446 1.16785 1.36885 1.61888 1.93375 2.33577 2.85707 3.54492 4.47073 5.7455 7.54736 10.173 14.1377 20.3784 30.6868 48.6575 81.7044 144.327 255.894 401.917 477.453 401.917 255.894 144.327 81.7044 48.6575 30.6868 20.3784 14.1377 10.173 7.54736 5.7455 4.47073 3.54492 2.85707 2.33577 1.93375 1.61888 1.36885 1.16785 1.00446 0.870295 0.759124 0.666232 0.58802 
0.3 1.48033 1.6659 1.88382 2.14137 2.44788 2.81543 3.25975 3.80168 4.46905 5.29958 6.34513 7.67803 9.40081 11.6613 14.6761 18.7687 24.4288 32.4064 43.8526 60.5012 84.8005 119.628 166.609 221.76 270.29 290.238 270.29 221.76 166.609 119.628 84.8005 60.5012 43.8526 32.4064 24.4288 18.7687 14.6761 11.6613 9.40081 7.67803 6.34513 5.29958 4.46905 3.80168 3.25975 2.81543 2.44788 2.14137 1.88382 1.6659 
0.35 3.43254 3.84453 4.32393 4.88474 5.54445 6.32512 7.25472 8.36898 9.71385 11.3488 13.3514 15.823 18.897 22.7485 27.6072 33.7701 41.6134 51.5921 64.2086 79.9168 98.9058 120.722 143.78 165.035 180.367 185.997 180.367 165.035 143.78 120.722 98.9058 79.9168 64.2086 51.5921 41.6134 33.7701 27.6072 22.7485 18.897 15.823 13.3514 11.3488 9.71385 8.36898 7.25472 6.32512 5.54445 4.88474 4.32393 3.84453 
0.4 6.64389 7.37577 8.21394 9.17718 10.288 11.5735 13.0664 14.8058 16.8388 19.2217 22.0212 25.3156 29.1948 33.7591 39.1156 45.3689 52.6063 60.8716 70.1285 80.2113 90.7734 101.249 110.857 118.679 123.82 125.615 123.82 118.679 110.857 101.249 90.7734 80.2113 70.1285 60.8716 52.6063 45.3689 39.1156 33.7591 29.1948 25.3156 22.0212 19.2217 16.8388 14.8058 13.0664 11.5735 10.288 9.17718 8.21394 7.37577 
0.45 10.8162 11.8509 13.0087 14.3059 15.7608 17.3938 19.2272 21.2857 23.5952 26.183 29.076 32.2996 35.8748 39.8147 44.1203 48.7744 53.7351 58.929 64.2447 69.5296 74.5911 79.2048 83.1304 86.1362 88.0272 88.6729 88.0272 86.1362 83.1304 79.2048 74.5911 69.5296 64.2447 58.929 53.7351 48.7744 44.1203 39.8147 35.8748 32.2996 29.076 26.183 23.5952 21.2857 19.2272 17.3938 15.7608 14.3059 13.0087 11.8509 
0.5 14.941 16.1087 17.3793 18.7609 20.2614 21.8885 23.6493 25.5498 27.5942 29.7847 32.12 34.5949 37.1987 39.9147 42.7184 45.5772 48.4493 51.2841 54.0224 56.5984 58.9419 60.9819 62.6512 63.8905 64.6538 64.9117 64.6538 63.8905 62.6512 60.9819 58.9419 56.5984 54.0224 51.2841 48.4493 45.5772 42.7184 39.9147 37.1987 34.5949 32.12 29.7847 27.5942 25.5498 23.6493 21.8885 20.2614 18.7609 17.3793 16.1087 
0.55 17.8569 18.9358 20.0771 21.2817 22.5499 23.8811 25.2738 26.7251 28.2307 29.7845 31.3785 33.003 34.6455 36.2916 37.9245 39.5253 41.0732 42.5457 43.9195 45.1711 46.2772 47.2161 47.9686 48.5184 48.8533 48.9658 48.8533 48.5184 47.9686 47.2161 46.2772 45.1711 43.9195 42.5457 41.0732 39.5253 37.9245 36.2916 34.6455 33.003 31.3785 29.7845 28.2307 26.7251 25.2738 23.8811 22.5499 21.2817 20.0771 18.9358 
0.6 19.0255 19.8792 20.7599 21.6659 22.5952 23.5449 24.5119 25.4921 26.4811 27.4737 28.4641 29.4457 30.4115 31.3538 32.2645 33.1353 33.9575 34.7224 35.4214 36.0465 36.5899 37.0447 37.405 37.666 37.824 37.877 37.824 37.666 37.405 37.0447 36.5899 36.0465 35.4214 34.7224 33.9575 33.1353 32.2645 31.3538 30.4115 29.4457 28.4641 27.4737 26.4811 25.4921 24.5119 23.5449 22.5952 21.6659 20.7599 19.8792 
0.65 18.6737 19.2818 19.897 20.5173 21.1409 21.7655 22.3888 23.0082 23.621 24.2241 24.8145 25.3888 25.9438 26.476 26.9819 27.4581 27.9012 28.3078 28.6748 28.9994 29.2789 29.511 29.6935 29.8251 29.9046 29.9311 29.9046 29.8251 29.6935 29.511 29.2789 28.9994 28.6748 28.3078 27.9012 27.4581 26.9819 26.476 25.9438 25.3888 24.8145 24.2241 23.621 23.0082 22.3888 21.7655 21.1409 20.5173 19.897 19.2818 
0.7 17.3747 17.7822 18.1883 18.5919 18.9917 19.3865 19.775 20.1557 20.5273 20.8882 21.2371 21.5723 21.8925 22.196 22.4816 22.7477 22.9931 23.2164 23.4165 23.5922 23.7426 23.8669 23.9643 24.0343 24.0764 24.0905 24.0764 24.0343 23.9643 23.8669 23.7426 23.5922 23.4165 23.2164 22.9931 22.7477 22.4816 22.196 21.8925 21.5723 21.2371 20.8882 20.5273 20.1557 19.775 19.3865 18.9917 18.5919 18.1883 17.7822 
0.75 15.6566 15.9217 16.1831 16.4401 16.6922 16.9387 17.1788 17.412 17.6374 17.8545 18.0626 18.2609 18.4488 18.6257 18.791 18.9441 19.0844 19.2114 19.3246 19.4237 19.5082 19.5777 19.6322 19.6712 19.6946 19.7025 19.6946 19.6712 19.6322 19.5777 19.5082 19.4237 19.3246 19.2114 19.0844 18.9441 18.791 18.6257 18.4488 18.2609 18.0626 17.8545 17.6374 17.412 17.1788 16.9387 16.6922 16.4401 16.1831 15.9217 
0.8 13.864 14.0349 14.2022 14.3656 14.5246 14.6791 14.8285 14.9727 15.1113 15.2439 15.3703 15.4901 15.603 15.7089 15.8073 15.8981 15.981 16.0558 16.1222 16.1802 16.2296 16.2701 16.3018 16.3244 16.3381 16.3426 16.3381 16.3244 16.3018 16.2701 16.2296 16.1802 16.1222 16.0558 15.981 15.8981 15.8073 15.7089 15.603 15.4901 15.3703 15.2439 15.1113 14.9727 14.8285 14.6791 14.5246 14.3656 14.2022 14.0349 
0.85 12.1768 12.2875 12.3953 12.4999 12.6014 12.6994 12.7938 12.8845 12.9713 13.054 13.1325 13.2067 13.2764 13.3414 13.4018 13.4573 13.5078 13.5533 13.5937 13.6288 13.6587 13.6832 13.7023 13.716 13.7242 13.7269 13.7242 13.716 13.7023 13.6832 13.6587 13.6288 13.5937 13.5533 13.5078 13.4573 13.4018 13.3414 13.2764 13.2067 13.1325 13.054 12.9713 12.8845 12.7938 12.6994 12.6014 12.4999 12.3953 12.2875 
0.9 10.6691 10.7416 10.812 10.8801 10.9458 11.0091 11.0699 11.1281 11.1836 11.2364 11.2863 11.3334 11.3775 11.4187 11.4567 11.4916 11.5234 11.5519 11.5772 11.5992 11.6179 11.6332 11.6451 11.6536 11.6587 11.6604 11.6587 11.6536 11.6451 11.6332 11.6179 11.5992 11.5772 11.5519 11.5234 11.4916 11.4567 11.4187 11.3775 11.3334 11.2863 11.2364 11.1836 11.1281 11.0699 11.0091 10.9458 10.8801 10.812 10.7416 
0.95 9.35788 9.40613 9.4528 9.49786 9.54125 9.58293 9.62287 9.66102 9.69734 9.7318 9.76436 9.79498 9.82364 9.8503 9.87493 9.89752 9.91803 9.93644 9.95273 9.96689 9.97889 9.98873 9.9964 10.0019 10.0052 10.0063 10.0052 10.0019 9.9964 9.98873 9.97889 9.96689 9.95273 9.93644 9.91803 9.89752 9.87493 9.8503 9.82364 9.79498 9.76436 9.7318 9.69734 9.66102 9.62287 9.58293 9.54125 9.49786 9.4528 9.40613 
1 8.23291 8.26556 8.29709 8.32746 8.35667 8.38467 8.41146 8.437 8.46129 8.4843 8.50601 8.5264 8.54546 8.56318 8.57953 8.5945 8.60809 8.62028 8.63106 8.64042 8.64835 8.65485 8.65991 8.66353 8.6657 8.66643 8.6657 8.66353 8.65991 8.65485 8.64835 8.64042 8.63106 8.62028 8.60809 8.5945 8.57953 8.56318 8.54546 8.5264 8.50601 8.4843 8.46129 8.437 8.41146 8.38467 8.35667 8.32746 8.29709 8.26556 
1.05 7.27349 7.29599 7.31767 7.33854 7.35858 7.37777 7.3961 7.41356 7.43014 7.44584 7.46063 7.47452 7.48748 7.49952 7.51063 7.52079 7.53001 7.53827 7.54557 7.55191 7.55728 7.56168 7.56511 7.56756 7.56902 7.56951 7.56902 7.56756 7.56511 7.56168 7.55728 7.55191 7.54557 7.53827 7.53001 7.52079 7.51063 7.49952 7.48748 7.47452 7.46063 7.44584 7.43014 7.41356 7.3961 7.37777 7.35858 7.33854 7.31767 7.29599 
1.1 6.45647 6.47225 6.48744 6.50204 6.51604 6.52944 6.54223 6.55441 6.56596 6.57688 6.58717 6.59682 6.60583 6.61418 6.62189 6.62894 6.63533 6.64105 6.64611 6.6505 6.65421 6.65726 6.65963 6.66132 6.66234 6.66268 6.66234 6.66132 6.65963 6.65726 6.65421 6.6505 6.64611 6.64105 6.63533 6.62894 6.62189 6.61418 6.60583 6.59682 6.58717 6.57688 6.56596 6.55441 6.54223 6.52944 6.51604 6.50204 6.48744 6.47225 
1.15 5.75988 5.77113 5.78196 5.79235 5.80232 5.81185 5.82094 5.82958 5.83778 5.84553 5.85282 5.85966 5.86604 5.87195 5.8774 5.88239 5.8869 5.89095 5.89453 5.89763 5.90025 5.9024 5.90407 5.90527 5.90599 5.90623 5.90599 5.90527 5.90407 5.9024 5.90025 5.89763 5.89453 5.89095 5.8869 5.88239 5.8774 5.87195 5.86604 5.85966 5.85282 5.84553 5.83778 5.82958 5.82094 5.81185 5.80232 5.79235 5.78196 5.77113 
1.2 5.16429 5.17245 5.18029 5.18782 5.19503 5.20192 5.20849 5.21474 5.22066 5.22625 5.23151 5.23645 5.24104 5.24531 5.24924 5.25283 5.25608 5.25899 5.26157 5.2638 5.26569 5.26723 5.26844 5.2693 5.26981 5.26998 5.26981 5.2693 5.26844 5.26723 5.26569 5.2638 5.26157 5.25899 5.25608 5.25283 5.24924 5.24531 5.24104 5.23645 5.23151 5.22625 5.22066 5.21474 5.20849 5.20192 5.19503 5.18782 5.18029 5.17245 
1.25 4.65315 4.65915 4.66492 4.67046 4.67576 4.68083 4.68565 4.69024 4.69459 4.69869 4.70255 4.70617 4.70954 4.71266 4.71554 4.71817 4.72055 4.72269 4.72457 4.7262 4.72759 4.72872 4.7296 4.73023 4.73061 4.73073 4.73061 4.73023 4.7296 4.72872 4.72759 4.7262 4.72457 4.72269 4.72055 4.71817 4.71554 4.71266 4.70954 4.70617 4.70255 4.69869 4.69459 4.69024 4.68565 4.68083 4.67576 4.67046 4.66492 4.65915 
1.3 4.2126 4.21708 4.22139 4.22552 4.22948 4.23326 4.23686 4.24028 4.24351 4.24657 4.24945 4.25214 4.25465 4.25698 4.25912 4.26108 4.26285 4.26443 4.26584 4.26705 4.26808 4.26892 4.26958 4.27004 4.27032 4.27042 4.27032 4.27004 4.26958 4.26892 4.26808 4.26705 4.26584 4.26443 4.26285 4.26108 4.25912 4.25698 4.25465 4.25214 4.24945 4.24657 4.24351 4.24028 4.23686 4.23326 4.22948 4.22552 4.22139 4.21708 
1.35 3.83116 3.83456 3.83782 3.84095 3.84394 3.8468 3.84952 3.8521 3.85455 3.85686 3.85903 3.86107 3.86296 3.86472 3.86634 3.86781 3.86915 3.87035 3.87141 3.87232 3.8731 3.87374 3.87423 3.87458 3.87479 3.87486 3.87479 3.87458 3.87423 3.87374 3.8731 3.87232 3.87141 3.87035 3.86915 3.86781 3.86634 3.86472 3.86296 3.86107 3.85903 3.85686 3.85455 3.8521 3.84952 3.8468 3.84394 3.84095 3.83782 3.83456 
1.4 3.49937 3.50198 3.50448 3.50688 3.50917 3.51136 3.51344 3.51542 3.5173 3.51907 3.52073 3.52229 3.52374 3.52508 3.52632 3.52745 3.52847 3.52939 3.5302 3.5309 3.53149 3.53198 3.53236 3.53263 3.53279 3.53284 3.53279 3.53263 3.53236 3.53198 3.53149 3.5309 3.5302 3.52939 3.52847 3.52745 3.52632 3.52508 3.52374 3.52229 3.52073 3.51907 3.5173 3.51542 3.51344 3.51136 3.50917 3.50688 3.50448 3.50198 
1.45 3.20943 3.21145 3.21339 3.21525 3.21703 3.21873 3.22035 3.22188 3.22334 3.22471 3.226 3.2272 3.22833 3.22937 3.23033 3.2312 3.23199 3.2327 3.23333 3.23387 3.23433 3.23471 3.235 3.23521 3.23534 3.23538 3.23534 3.23521 3.235 3.23471 3.23433 3.23387 3.23333 3.2327 3.23199 3.2312 3.23033 3.22937 3.22833 3.2272 3.226 3.22471 3.22334 3.22188 3.22035 3.21873 3.21703 3.21525 3.21339 3.21145 
1.5 2.9549 2.95649 2.95801 2.95947 2.96087 2.9622 2.96347 2.96467 2.96581 2.96689 2.9679 2.96884 2.96972 2.97054 2.97129 2.97198 2.9726 2.97315 2.97365 2.97407 2.97443 2.97473 2.97495 2.97512 2.97522 2.97525 2.97522 2.97512 2.97495 2.97473 2.97443 2.97407 2.97365 2.97315 2.9726 2.97198 2.97129 2.97054 2.96972 2.96884 2.9679 2.96689 2.96581 2.96467 2.96347 2.9622 2.96087 2.95947 2.95801 2.95649 
1.55 2.73047 2.73173 2.73294 2.7341 2.7352 2.73626 2.73726 2.73822 2.73912 2.73997 2.74077 2.74152 2.74222 2.74287 2.74346 2.74401 2.7445 2.74494 2.74533 2.74566 2.74595 2.74618 2.74636 2.74649 2.74657 2.7466 2.74657 2.74649 2.74636 2.74618 2.74595 2.74566 2.74533 2.74494 2.7445 2.74401 2.74346 2.74287 2.74222 2.74152 2.74077 2.73997 2.73912 2.73822 2.73726 2.73626 2.7352 2.7341 2.73294 2.73173 
1.6 2.53173 2.53274 2.5337 2.53463 2.53552 2.53636 2.53717 2.53793 2.53865 2.53934 2.53998 2.54058 2.54113 2.54165 2.54213 2.54256 2.54296 2.54331 2.54362 2.54389 2.54412 2.5443 2.54445 2.54455 2.54462 2.54464 2.54462 2.54455 2.54445 2.5443 2.54412 2.54389 2.54362 2.54331 2.54296 2.54256 2.54213 2.54165 2.54113 2.54058 2.53998 2.53934 2.53865 2.53793 2.53717 2.53636 2.53552 2.53463 2.5337 2.53274 
1.65 2.35501 2.35582 2.35661 2.35735 2.35807 2.35875 2.3594 2.36002 2.3606 2.36116 2.36167 2.36216 2.36261 2.36303 2.36341 2.36376 2.36408 2.36436 2.36462 2.36483 2.36502 2.36517 2.36528 2.36537 2.36542 2.36544 2.36542 2.36537 2.36528 2.36517 2.36502 2.36483 2.36462 2.36436 2.36408 2.36376 2.36341 2.36303 2.36261 2.36216 2.36167 2.36116 2.3606 2.36002 2.3594 2.35875 2.35807 2.35735 2.35661 2.35582 
1.7 2.19725 2.19791 2.19855 2.19916 2.19974 2.2003 2.20083 2.20133 2.20181 2.20226 2.20268 2.20307 2.20344 2.20378 2.20409 2.20438 2.20464 2.20487 2.20508 2.20525 2.2054 2.20553 2.20562 2.20569 2.20573 2.20574 2.20573 2.20569 2.20562 2.20553 2.2054 2.20525 2.20508 2.20487 2.20464 2.20438 2.20409 2.20378 2.20344 2.20307 2.20268 2.20226 2.20181 2.20133 2.20083 2.2003 2.19974 2.19916 2.19855 2.19791 
1.75 2.05588 2.05642 2.05695 2.05745 2.05793 2.05839 2.05882 2.05923 2.05962 2.05999 2.06034 2.06066 2.06097 2.06125 2.0615 2.06174 2.06195 2.06214 2.06231 2.06245 2.06258 2.06268 2.06276 2.06281 2.06285 2.06286 2.06285 2.06281 2.06276 2.06268 2.06258 2.06245 2.06231 2.06214 2.06195 2.06174 2.0615 2.06125 2.06097 2.06066 2.06034 2.05999 2.05962 2.05923 2.05882 2.05839 2.05793 2.05745 2.05695 2.05642 
1.8 1.92874 1.92919 1.92962 1.93004 1.93043 1.93081 1.93117 1.93152 1.93184 1.93214 1.93243 1.9327 1.93295 1.93318 1.93339 1.93359 1.93376 1.93392 1.93406 1.93418 1.93428 1.93437 1.93443 1.93448 1.93451 1.93451 1.93451 1.93448 1.93443 1.93437 1.93428 1.93418 1.93406 1.93392 1.93376 1.93359 1.93339 1.93318 1.93295 1.9327 1.93243 1.93214 1.93184 1.93152 1.93117 1.93081 1.93043 1.93004 1.92962 1.92919 
1.85 1.814 1.81437 1.81474 1.81508 1.81541 1.81573 1.81603 1.81631 1.81658 1.81684 1.81708 1.8173 1.81751 1.8177 1.81788 1.81804 1.81819 1.81832 1.81844 1.81854 1.81862 1.81869 1.81875 1.81878 1.81881 1.81881 1.81881 1.81878 1.81875 1.81869 1.81862 1.81854 1.81844 1.81832 1.81819 1.81804 1.81788 1.8177 1.81751 1.8173 1.81708 1.81684 1.81658 1.81631 1.81603 1.81573 1.81541 1.81508 1.81474 1.81437 
1.9 1.71011 1.71043 1.71073 1.71102 1.7113 1.71156 1.71181 1.71205 1.71228 1.71249 1.71269 1.71288 1.71306 1.71322 1.71337 1.7135 1.71363 1.71374 1.71383 1.71392 1.71399 1.71405 1.71409 1.71413 1.71415 1.71415 1.71415 1.71413 1.71409 1.71405 1.71399 1.71392 1.71383 1.71374 1.71363 1.7135 1.71337 1.71322 1.71306 1.71288 1.71269 1.71249 1.71228 1.71205 1.71181 1.71156 1.7113 1.71102 1.71073 1.71043 
1.95 1.61575 1.61602 1.61627 1.61652 1.61675 1.61698 1.61719 1.61739 1.61758 1.61776 1.61793 1.61809 1.61824 1.61838 1.6185 1.61862 1.61872 1.61881 1.6189 1.61897 1.61903 1.61908 1.61912 1.61914 1.61916 1.61917 1.61916 1.61914 1.61912 1.61908 1.61903 1.61897 1.6189 1.61881 1.61872 1.61862 1.6185 1.61838 1.61824 1.61809 1.61793 1.61776 1.61758 1.61739 1.61719 1.61698 1.61675 1.61652 1.61627 1.61602 
2 1.52979 1.53002 1.53023 1.53044 1.53064 1.53083 1.53101 1.53118 1.53135 1.5315 1.53164 1.53178 1.5319 1.53202 1.53213 1.53223 1.53231 1.53239 1.53246 1.53252 1.53257 1.53262 1.53265 1.53267 1.53269 1.53269 1.53269 1.53267 1.53265 1.53262 1.53257 1.53252 1.53246 1.53239 1.53231 1.53223 1.53213 1.53202 1.5319 1.53178 1.53164 1.5315 1.53135 1.53118 1.53101 1.53083 1.53064 1.53044 1.53023 1.53002 
