0.05 -0.00030483 -0.000305181 -0.000305533 -0.000305885 -0.000306238 -0.000306591 -0.000306945 -0.000307299 -0.000307654 -0.00030801 -0.000308366 -0.000308722 -0.00030908 -0.000309437 -0.000309796 -0.000310154 -0.000310514 -0.000310874 -0.000311234 -0.000311595 -0.000311957 -0.000312319 -0.000312682 -0.000313045 -0.00031349 1.44329e-13 0.00031349 0.000313045 0.000312682 0.000312319 0.000311957 0.000311595 0.000311234 0.000310874 0.000310514 0.000310154 0.000309796 0.000309437 0.00030908 0.000308722 0.000308366 0.00030801 0.000307654 0.000307299 0.000306945 0.000306591 0.000306238 0.000305885 0.000305533 0.000305181 
0.1 -0.00123358 -0.00123503 -0.00123649 -0.00123794 -0.0012394 -0.00124086 -0.00124232 -0.00124379 -0.00124526 -0.00124673 -0.0012482 -0.00124968 -0.00125116 -0.00125264 -0.00125412 -0.0012556 -0.00125709 -0.00125858 -0.00126007 -0.00126157 -0.00126306 -0.00126456 -0.00126607 -0.00126757 -0.00127933 -1.44329e-13 0.00127933 0.00126757 0.00126607 0.00126456 0.00126306 0.00126157 0.00126007 0.00125858 0.00125709 0.0012556 0.00125412 0.00125264 0.00125116 0.00124968 0.0012482 0.00124673 0.00124526 0.00124379 0.00124232 0.00124086 0.0012394 0.00123794 0.00123649 0.00123503 
0.15 -0.00283038 -0.00283383 -0.00283728 -0.00284075 -0.00284422 -0.00284769 -0.00285117 -0.00285466 -0.00285815 -0.00286165 -0.00286516 -0.00286867 -0.00287219 -0.00287571 -0.00287924 -0.00288278 -0.00288632 -0.00288987 -0.00289343 -0.00289699 -0.00290056 -0.00290413 -0.00290772 -0.00291131 -0.00308923 -4.32987e-13 0.00308923 0.00291131 0.00290772 0.00290413 0.00290056 0.00289699 0.00289343 0.00288987 0.00288632 0.00288278 0.00287924 0.00287571 0.00287219 0.00286867 0.00286516 0.00286165 0.00285815 0.00285466 0.00285117 0.00284769 0.00284422 0.00284075 0.00283728 0.00283383 
0.2 -0.00517341 -0.00518004 -0.00518668 -0.00519334 -0.0052 -0.00520668 -0.00521338 -0.00522009 -0.00522681 -0.00523354 -0.00524029 -0.00524705 -0.00525382 -0.00526061 -0.00526741 -0.00527422 -0.00528105 -0.0052879 -0.00529476 -0.00530163 -0.00530853 -0.00531546 -0.00532245 -0.00532965 -0.0066338 -2.16493e-13 0.0066338 0.00532965 0.00532245 0.00531546 0.00530853 0.00530163 0.00529476 0.0052879 0.00528105 0.00527422 0.00526741 0.00526061 0.00525382 0.00524705 0.00524029 0.00523354 0.00522681 0.00522009 0.00521338 0.00520668 0.0052 0.00519334 0.00518668 0.00518004 
0.25 -0.00838255 -0.008394 -0.00840548 -0.00841699 -0.00842852 -0.00844008 -0.00845167 -0.00846328 -0.00847492 -0.00848659 -0.00849828 -0.00851001 -0.00852177 -0.00853356 -0.00854538 -0.00855724 -0.00856915 -0.00858112 -0.00859316 -0.00860532 -0.00861766 -0.0086304 -0.0086442 -0.00866265 -0.0147953 7.21645e-13 0.0147953 0.00866265 0.0086442 0.0086304 0.00861766 0.00860532 0.00859316 0.00858112 0.00856915 0.00855724 0.00854538 0.00853356 0.00852177 0.00851001 0.00849828 0.00848659 0.00847492 0.00846328 0.00845167 0.00844008 0.00842852 0.00841699 0.00840548 0.008394 
0.3 -0.0126316 -0.0126503 -0.0126691 -0.0126879 -0.0127068 -0.0127257 -0.0127447 -0.0127638 -0.0127829 -0.0128021 -0.0128214 -0.0128408 -0.0128603 -0.01288 -0.0128998 -0.0129198 -0.0129401 -0.0129608 -0.0129822 -0.0130048 -0.0130294 -0.0130588 -0.0131012 -0.0132019 -0.0347604 1.80411e-12 0.0347604 0.0132019 0.0131012 0.0130588 0.0130294 0.0130048 0.0129822 0.0129608 0.0129401 0.0129198 0.0128998 0.01288 0.0128603 0.0128408 0.0128214 0.0128021 0.0127829 0.0127638 0.0127447 0.0127257 0.0127068 0.0126879 0.0126691 0.0126503 
0.35 -0.0181687 -0.0181986 -0.0182286 -0.0182587 -0.0182891 -0.0183196 -0.0183503 -0.0183813 -0.0184125 -0.0184441 -0.0184761 -0.0185085 -0.0185416 -0.0185755 -0.0186104 -0.0186469 -0.0186855 -0.0187275 -0.0187747 -0.0188312 -0.0189054 -0.0190189 -0.0192422 -0.0199591 -0.0812708 1.51545e-12 0.0812708 0.0199591 0.0192422 0.0190189 0.0189054 0.0188312 0.0187747 0.0187275 0.0186855 0.0186469 0.0186104 0.0185755 0.0185416 0.0185085 0.0184761 0.0184441 0.0184125 0.0183813 0.0183503 0.0183196 0.0182891 0.0182587 0.0182286 0.0181986 
0.4 -0.0253538 -0.0254022 -0.0254511 -0.0255005 -0.0255507 -0.0256017 -0.0256536 -0.0257067 -0.0257611 -0.0258172 -0.0258754 -0.0259363 -0.0260007 -0.0260697 -0.0261452 -0.0262296 -0.0263274 -0.0264456 -0.0265969 -0.0268061 -0.0271267 -0.0276946 -0.028954 -0.0333137 -0.179641 -5.77316e-13 0.179641 0.0333137 0.028954 0.0276946 0.0271267 0.0268061 0.0265969 0.0264456 0.0263274 0.0262296 0.0261452 0.0260697 0.0260007 0.0259363 0.0258754 0.0258172 0.0257611 0.0257067 0.0256536 0.0256017 0.0255507 0.0255005 0.0254511 0.0254022 
0.45 -0.0347408 -0.0348248 -0.0349111 -0.0349999 -0.0350917 -0.035187 -0.0352866 -0.0353914 -0.0355025 -0.0356216 -0.0357507 -0.0358928 -0.036052 -0.0362341 -0.0364478 -0.0367065 -0.0370315 -0.0374587 -0.0380519 -0.0389354 -0.0403779 -0.0430598 -0.0491953 -0.0705989 -0.364437 -4.32987e-13 0.364437 0.0705989 0.0491953 0.0430598 0.0403779 0.0389354 0.0380519 0.0374587 0.0370315 0.0367065 0.0364478 0.0362341 0.036052 0.0358928 0.0357507 0.0356216 0.0355025 0.0353914 0.0352866 0.035187 0.0350917 0.0349999 0.0349111 0.0348248 
0.5 -0.0472692 -0.0474358 -0.0476109 -0.0477961 -0.0479931 -0.0482044 -0.0484328 -0.0486823 -0.0489579 -0.049266 -0.0496157 -0.0500192 -0.0504936 -0.0510635 -0.0517655 -0.0526554 -0.0538223 -0.055416 -0.0577034 -0.0612014 -0.0670228 -0.077964 -0.102964 -0.186775 -0.663548 -7.21645e-14 0.663548 0.186775 0.102964 0.077964 0.0670228 0.0612014 0.0577034 0.055416 0.0538223 0.0526554 0.0517655 0.0510635 0.0504936 0.0500192 0.0496157 0.049266 0.0489579 0.0486823 0.0484328 0.0482044 0.0479931 0.0477961 0.0476109 0.0474358 
0.55 -0.0647078 -0.0650876 -0.0654973 -0.0659423 -0.0664294 -0.0669669 -0.0675658 -0.0682397 -0.0690067 -0.0698907 -0.0709237 -0.0721497 -0.0736302 -0.0754538 -0.0777511 -0.0807218 -0.0846837 -0.0901676 -0.0981152 -0.110331 -0.130645 -0.168415 -0.251772 -0.49531 -1.05156 -1.08247e-12 1.05156 0.49531 0.251772 0.168415 0.130645 0.110331 0.0981152 0.0901676 0.0846837 0.0807218 0.0777511 0.0754538 0.0736302 0.0721497 0.0709237 0.0698907 0.0690067 0.0682397 0.0675658 0.0669669 0.0664294 0.0659423 0.0654973 0.0650876 
0.6 -0.0906029 -0.0915424 -0.0925757 -0.09372 -0.0949967 -0.0964323 -0.0980609 -0.0999261 -0.102085 -0.104611 -0.107606 -0.111207 -0.115606 -0.121076 -0.128021 -0.137052 -0.14913 -0.165842 -0.189949 -0.226593 -0.286181 -0.392068 -0.602522 -1.05009 -1.38448 -1.21958e-11 1.38448 1.05009 0.602522 0.392068 0.286181 0.226593 0.189949 0.165842 0.14913 0.137052 0.128021 0.121076 0.115606 0.111207 0.107606 0.104611 0.102085 0.0999261 0.0980609 0.0964323 0.0949967 0.09372 0.0925757 0.0915424 
0.65 -0.132072 -0.134413 -0.137016 -0.139931 -0.143216 -0.146945 -0.151212 -0.156137 -0.161876 -0.168632 -0.176678 -0.186382 -0.198253 -0.21301 -0.231694 -0.255849 -0.287844 -0.331437 -0.392824 -0.482631 -0.619647 -0.836646 -1.17798 -1.59399 -1.45104 -1.80411e-12 1.45104 1.59399 1.17798 0.836646 0.619647 0.482631 0.392824 0.331437 0.287844 0.255849 0.231694 0.21301 0.198253 0.186382 0.176678 0.168632 0.161876 0.156137 0.151212 0.146945 0.143216 0.139931 0.137016 0.134413 
0.7 -0.202563 -0.208119 -0.214327 -0.221305 -0.229194 -0.238171 -0.24846 -0.26034 -0.274171 -0.290419 -0.309691 -0.332796 -0.36082 -0.395251 -0.438146 -0.492404 -0.562147 -0.653274 -0.77412 -0.935802 -1.1503 -1.41903 -1.69047 -1.75825 -1.22783 -1.68865e-11 1.22783 1.75825 1.69047 1.41903 1.1503 0.935802 0.77412 0.653274 0.562147 0.492404 0.438146 0.395251 0.36082 0.332796 0.309691 0.290419 0.274171 0.26034 0.24846 0.238171 0.229194 0.221305 0.214327 0.208119 
0.75 -0.324336 -0.336386 -0.349835 -0.364914 -0.381906 -0.401152 -0.423075 -0.448193 -0.477148 -0.510744 -0.549986 -0.596138 -0.650791 -0.715933 -0.794022 -0.887999 -1.00115 -1.13655 -1.29554 -1.47401 -1.65443 -1.79141 -1.7943 -1.53154 -0.907036 -6.35048e-12 0.907036 1.53154 1.7943 1.79141 1.65443 1.47401 1.29554 1.13655 1.00115 0.887999 0.794022 0.715933 0.650791 0.596138 0.549986 0.510744 0.477148 0.448193 0.423075 0.401152 0.381906 0.364914 0.349835 0.336386 
0.8 -0.525403 -0.548276 -0.573578 -0.601655 -0.632907 -0.667803 -0.706883 -0.750772 -0.800187 -0.855935 -0.918901 -0.990023 -1.07021 -1.16018 -1.26023 -1.36968 -1.48608 -1.60386 -1.71233 -1.79308 -1.81762 -1.74739 -1.54007 -1.16621 -0.632988 -9.38138e-13 0.632988 1.16621 1.54007 1.74739 1.81762 1.79308 1.71233 1.60386 1.48608 1.36968 1.26023 1.16018 1.07021 0.990023 0.918901 0.855935 0.800187 0.750772 0.706883 0.667803 0.632907 0.601655 0.573578 0.548276 
0.85 -0.82027 -0.856097 -0.894966 -0.93715 -0.982934 -1.0326 -1.08639 -1.14453 -1.20713 -1.27415 -1.34531 -1.41994 -1.49684 -1.57399 -1.64826 -1.71503 -1.76775 -1.79761 -1.79344 -1.74206 -1.62968 -1.44436 -1.17966 -0.83861 -0.436414 -2.16493e-13 0.436414 0.83861 1.17966 1.44436 1.62968 1.74206 1.79344 1.79761 1.76775 1.71503 1.64826 1.57399 1.49684 1.41994 1.34531 1.27415 1.20713 1.14453 1.08639 1.0326 0.982934 0.93715 0.894966 0.856097 
0.9 -1.17185 -1.21466 -1.25951 -1.30629 -1.35484 -1.40488 -1.45598 -1.50755 -1.55875 -1.60846 -1.65521 -1.69709 -1.73171 -1.75612 -1.76678 -1.75962 -1.7301 -1.67348 -1.58518 -1.4613 -1.2993 -1.09871 -0.861744 -0.593705 -0.302886 -1.0103e-12 0.302886 0.593705 0.861744 1.09871 1.2993 1.4613 1.58518 1.67348 1.7301 1.75962 1.76678 1.75612 1.73171 1.69709 1.65521 1.60846 1.55875 1.50755 1.45598 1.40488 1.35484 1.30629 1.25951 1.21466 
0.95 -1.47464 -1.50956 -1.54391 -1.57722 -1.60893 -1.63836 -1.66471 -1.68703 -1.70424 -1.71509 -1.71818 -1.71199 -1.69485 -1.66505 -1.62085 -1.5606 -1.48283 -1.38636 -1.27048 -1.13505 -0.980649 -0.808643 -0.62124 -0.421448 -0.212964 -5.05151e-13 0.212964 0.421448 0.62124 0.808643 0.980649 1.13505 1.27048 1.38636 1.48283 1.5606 1.62085 1.66505 1.69485 1.71199 1.71818 1.71509 1.70424 1.68703 1.66471 1.63836 1.60893 1.57722 1.54391 1.50956 
1 -1.61739 -1.63148 -1.64275 -1.65073 -1.65486 -1.6546 -1.64931 -1.63837 -1.62109 -1.59682 -1.56486 -1.52458 -1.47537 -1.4167 -1.34815 -1.26941 -1.18037 -1.08108 -0.971808 -0.853077 -0.725636 -0.590481 -0.448836 -0.302128 -0.151947 -2.2371e-12 0.151947 0.302128 0.448836 0.590481 0.725636 0.853077 0.971808 1.08108 1.18037 1.26941 1.34815 1.4167 1.47537 1.52458 1.56486 1.59682 1.62109 1.63837 1.64931 1.6546 1.65486 1.65073 1.64275 1.63148 
1.05 -1.57361 -1.56586 -1.55474 -1.53996 -1.52125 -1.49832 -1.4709 -1.43873 -1.40158 -1.35922 -1.31149 -1.25823 -1.19935 -1.13482 -1.06465 -0.988944 -0.907858 -0.821632 -0.730585 -0.63511 -0.535678 -0.432827 -0.327159 -0.21933 -0.110035 -1.87628e-12 0.110035 0.21933 0.327159 0.432827 0.535678 0.63511 0.730585 0.821632 0.907858 0.988944 1.06465 1.13482 1.19935 1.25823 1.31149 1.35922 1.40158 1.43873 1.4709 1.49832 1.52125 1.53996 1.55474 1.56586 
1.1 -1.40294 -1.38111 -1.35653 -1.3291 -1.29871 -1.26529 -1.22877 -1.18908 -1.1462 -1.10009 -1.05077 -0.998241 -0.942564 -0.883808 -0.82207 -0.757476 -0.690177 -0.620353 -0.548207 -0.473969 -0.39789 -0.320244 -0.24132 -0.161426 -0.0808775 -3.60822e-12 0.0808775 0.161426 0.24132 0.320244 0.39789 0.473969 0.548207 0.620353 0.690177 0.757476 0.82207 0.883808 0.942564 0.998241 1.05077 1.10009 1.1462 1.18908 1.22877 1.26529 1.29871 1.3291 1.35653 1.38111 
1.15 -1.18402 -1.15662 -1.12736 -1.09621 -1.06316 -1.0282 -0.991345 -0.952593 -0.911967 -0.869497 -0.82522 -0.779185 -0.73145 -0.682085 -0.631166 -0.578783 -0.525034 -0.470025 -0.413872 -0.3567 -0.298639 -0.239828 -0.180409 -0.12053 -0.0603423 7.93809e-13 0.0603423 0.12053 0.180409 0.239828 0.298639 0.3567 0.413872 0.470025 0.525034 0.578783 0.631166 0.682085 0.73145 0.779185 0.82522 0.869497 0.911967 0.952593 0.991345 1.0282 1.06316 1.09621 1.12736 1.15662 
1.2 -0.969912 -0.942465 -0.913855 -0.884089 -0.853179 -0.821139 -0.787988 -0.753748 -0.718445 -0.682111 -0.644779 -0.606489 -0.567282 -0.527207 -0.486311 -0.444651 -0.402282 -0.359267 -0.315668 -0.271552 -0.226988 -0.182047 -0.136803 -0.09133 -0.0457034 4.32987e-13 0.0457034 0.09133 0.136803 0.182047 0.226988 0.271552 0.315668 0.359267 0.402282 0.444651 0.486311 0.527207 0.567282 0.606489 0.644779 0.682111 0.718445 0.753748 0.787988 0.821139 0.853179 0.884089 0.913855 0.942465 
1.25 -0.784235 -0.759327 -0.733719 -0.707423 -0.680451 -0.65282 -0.624547 -0.595651 -0.566153 -0.536074 -0.505439 -0.474274 -0.442606 -0.410463 -0.377876 -0.344878 -0.311499 -0.277776 -0.243743 -0.209437 -0.174895 -0.140156 -0.105257 -0.0702379 -0.035139 -2.88658e-13 0.035139 0.0702379 0.105257 0.140156 0.174895 0.209437 0.243743 0.277776 0.311499 0.344878 0.377876 0.410463 0.442606 0.474274 0.505439 0.536074 0.566153 0.595651 0.624547 0.65282 0.680451 0.707423 0.733719 0.759327 
1.3 -0.632399 -0.610842 -0.588865 -0.566478 -0.543691 -0.520518 -0.496969 -0.473059 -0.448802 -0.424212 -0.399305 -0.374097 -0.348605 -0.322846 -0.296838 -0.270601 -0.244153 -0.217514 -0.190703 -0.163742 -0.136651 -0.109452 -0.0821657 -0.0548137 -0.0274178 1.15463e-12 0.0274178 0.0548137 0.0821657 0.109452 0.136651 0.163742 0.190703 0.217514 0.244153 0.270601 0.296838 0.322846 0.348605 0.374097 0.399305 0.424212 0.448802 0.473059 0.496969 0.520518 0.543691 0.566478 0.588865 0.610842 
1.35 -0.511667 -0.493415 -0.474909 -0.456155 -0.437161 -0.417935 -0.398487 -0.378823 -0.358955 -0.338891 -0.318641 -0.298214 -0.277623 -0.256876 -0.235985 -0.214962 -0.193817 -0.172562 -0.151208 -0.129769 -0.108255 -0.0866785 -0.0650525 -0.0433892 -0.0217008 2.88658e-13 0.0217008 0.0433892 0.0650525 0.0866785 0.108255 0.129769 0.151208 0.172562 0.193817 0.214962 0.235985 0.256876 0.277623 0.298214 0.318641 0.338891 0.358955 0.378823 0.398487 0.417935 0.437161 0.456155 0.474909 0.493415 
1.4 -0.416753 -0.401431 -0.385951 -0.370319 -0.354539 -0.338617 -0.32256 -0.306371 -0.290058 -0.273627 -0.257083 -0.240432 -0.223683 -0.20684 -0.189911 -0.172902 -0.155821 -0.138674 -0.121469 -0.104212 -0.086911 -0.0695732 -0.0522058 -0.0348162 -0.0174118 -2.38143e-12 0.0174118 0.0348162 0.0522058 0.0695732 0.086911 0.104212 0.121469 0.138674 0.155821 0.172902 0.189911 0.20684 0.223683 0.240432 0.257083 0.273627 0.290058 0.306371 0.32256 0.338617 0.354539 0.370319 0.385951 0.401431 
1.45 -0.342291 -0.329443 -0.316495 -0.30345 -0.290313 -0.277087 -0.263775 -0.250382 -0.236911 -0.223365 -0.20975 -0.196069 -0.182326 -0.168525 -0.154671 -0.140768 -0.12682 -0.112831 -0.0988068 -0.0847506 -0.0706671 -0.056561 -0.0424367 -0.0282987 -0.0141516 4.32987e-13 0.0141516 0.0282987 0.0424367 0.056561 0.0706671 0.0847506 0.0988068 0.112831 0.12682 0.140768 0.154671 0.168525 0.182326 0.196069 0.20975 0.223365 0.236911 0.250382 0.263775 0.277087 0.290313 0.30345 0.316495 0.329443 
1.5 -0.28369 -0.272884 -0.262014 -0.251082 -0.240089 -0.22904 -0.217935 -0.206777 -0.19557 -0.184315 -0.173016 -0.161674 -0.150293 -0.138874 -0.127422 -0.115939 -0.104427 -0.092889 -0.0813282 -0.0697474 -0.0581493 -0.0465367 -0.0349127 -0.0232799 -0.0116414 4.32987e-13 0.0116414 0.0232799 0.0349127 0.0465367 0.0581493 0.0697474 0.0813282 0.092889 0.104427 0.115939 0.127422 0.138874 0.150293 0.161674 0.173016 0.184315 0.19557 0.206777 0.217935 0.22904 0.240089 0.251082 0.262014 0.272884 
1.55 -0.237289 -0.228155 -0.218978 -0.20976 -0.200502 -0.191206 -0.181874 -0.172507 -0.163107 -0.153676 -0.144216 -0.134728 -0.125214 -0.115676 -0.106115 -0.0965338 -0.0869339 -0.0773172 -0.0676855 -0.0580407 -0.0483845 -0.0387189 -0.0290458 -0.019367 -0.00968445 3.60822e-14 0.00968445 0.019367 0.0290458 0.0387189 0.0483845 0.0580407 0.0676855 0.0773172 0.0869339 0.0965338 0.106115 0.115676 0.125214 0.134728 0.144216 0.153676 0.163107 0.172507 0.181874 0.191206 0.200502 0.20976 0.218978 0.228155 
1.6 -0.200267 -0.192498 -0.184699 -0.176873 -0.16902 -0.161141 -0.153238 -0.145311 -0.137362 -0.129392 -0.121402 -0.113394 -0.105368 -0.0973254 -0.0892681 -0.0811969 -0.0731132 -0.0650181 -0.056913 -0.048799 -0.0406774 -0.0325495 -0.0244166 -0.0162798 -0.00814055 -1.65978e-12 0.00814055 0.0162798 0.0244166 0.0325495 0.0406774 0.048799 0.056913 0.0650181 0.0731132 0.0811969 0.0892681 0.0973254 0.105368 0.113394 0.121402 0.129392 0.137362 0.145311 0.153238 0.161141 0.16902 0.176873 0.184699 0.192498 
1.65 -0.170479 -0.163827 -0.157155 -0.150463 -0.143752 -0.137024 -0.130279 -0.123518 -0.116741 -0.10995 -0.103145 -0.0963268 -0.0894969 -0.0826558 -0.0758044 -0.0689434 -0.0620738 -0.0551964 -0.0483121 -0.0414216 -0.034526 -0.027626 -0.0207226 -0.0138165 -0.00690868 -8.29892e-13 0.00690868 0.0138165 0.0207226 0.027626 0.034526 0.0414216 0.0483121 0.0551964 0.0620738 0.0689434 0.0758044 0.0826558 0.0894969 0.0963268 0.103145 0.10995 0.116741 0.123518 0.130279 0.137024 0.143752 0.150463 0.157155 0.163827 
1.7 -0.146306 -0.140571 -0.134822 -0.12906 -0.123284 -0.117496 -0.111696 -0.105884 -0.100062 -0.0942295 -0.0883872 -0.0825359 -0.076676 -0.0708083 -0.0649333 -0.0590516 -0.0531638 -0.0472706 -0.0413724 -0.03547 -0.029564 -0.0236548 -0.0177433 -0.0118299 -0.00591524 -3.96905e-13 0.00591524 0.0118299 0.0177433 0.0236548 0.029564 0.03547 0.0413724 0.0472706 0.0531638 0.0590516 0.0649333 0.0708083 0.076676 0.0825359 0.0883872 0.0942295 0.100062 0.105884 0.111696 0.117496 0.123284 0.12906 0.134822 0.140571 
1.75 -0.126519 -0.121543 -0.116557 -0.111561 -0.106555 -0.10154 -0.0965166 -0.0914851 -0.0864457 -0.081399 -0.0763453 -0.0712851 -0.0662188 -0.0611469 -0.0560698 -0.0509878 -0.0459015 -0.0408113 -0.0357175 -0.0306207 -0.0255213 -0.0204196 -0.0153163 -0.0102116 -0.00510601 7.21645e-13 0.00510601 0.0102116 0.0153163 0.0204196 0.0255213 0.0306207 0.0357175 0.0408113 0.0459015 0.0509878 0.0560698 0.0611469 0.0662188 0.0712851 0.0763453 0.081399 0.0864457 0.0914851 0.0965166 0.10154 0.106555 0.111561 0.116557 0.121543 
1.8 -0.110189 -0.105843 -0.10149 -0.0971296 -0.0927623 -0.0883884 -0.0840082 -0.0796219 -0.07523 -0.0708327 -0.0664303 -0.0620232 -0.0576116 -0.0531959 -0.0487764 -0.0443533 -0.0399271 -0.035498 -0.0310663 -0.0266324 -0.0221966 -0.0177592 -0.0133205 -0.00888089 -0.00444061 1.0103e-12 0.00444061 0.00888089 0.0133205 0.0177592 0.0221966 0.0266324 0.0310663 0.035498 0.0399271 0.0443533 0.0487764 0.0531959 0.0576116 0.0620232 0.0664303 0.0708327 0.07523 0.0796219 0.0840082 0.0883884 0.0927623 0.0971296 0.10149 0.105843 
1.85 -0.0966024 -0.0927844 -0.0889607 -0.0851316 -0.0812975 -0.0774584 -0.0736146 -0.0697663 -0.0659138 -0.0620573 -0.0581971 -0.0543333 -0.0504661 -0.046596 -0.042723 -0.0388474 -0.0349694 -0.0310893 -0.0272073 -0.0233236 -0.0194385 -0.0155522 -0.011665 -0.00777706 -0.00388865 -7.21645e-13 0.00388865 0.00777706 0.011665 0.0155522 0.0194385 0.0233236 0.0272073 0.0310893 0.0349694 0.0388474 0.042723 0.046596 0.0504661 0.0543333 0.0581971 0.0620573 0.0659138 0.0697663 0.0736146 0.0774584 0.0812975 0.0851316 0.0889607 0.0927844 
1.9 -0.0852128 -0.081839 -0.078461 -0.0750789 -0.071693 -0.0683033 -0.0649101 -0.0615135 -0.0581138 -0.054711 -0.0513054 -0.0478971 -0.0444863 -0.0410732 -0.0376579 -0.0342407 -0.0308218 -0.0274012 -0.0239792 -0.0205559 -0.0171315 -0.0137063 -0.0102804 -0.00685387 -0.00342702 -6.4948e-13 0.00342702 0.00685387 0.0102804 0.0137063 0.0171315 0.0205559 0.0239792 0.0274012 0.0308218 0.0342407 0.0376579 0.0410732 0.0444863 0.0478971 0.0513054 0.054711 0.0581138 0.0615135 0.0649101 0.0683033 0.071693 0.0750789 0.078461 0.081839 
1.95 -0.0755956 -0.0725984 -0.0695979 -0.0665943 -0.0635877 -0.0605783 -0.0575662 -0.0545515 -0.0515344 -0.0485149 -0.0454933 -0.0424696 -0.039444 -0.0364167 -0.0333877 -0.0303573 -0.0273254 -0.0242924 -0.0212582 -0.0182231 -0.0151872 -0.0121506 -0.00911339 -0.00607582 -0.00303798 -1.80411e-13 0.00303798 0.00607582 0.00911339 0.0121506 0.0151872 0.0182231 0.0212582 0.0242924 0.0273254 0.0303573 0.0333877 0.0364167 0.039444 0.0424696 0.0454933 0.0485149 0.0515344 0.0545515 0.0575662 0.0605783 0.0635877 0.0665943 0.0695979 0.0725984 
2 -0.0674198 -0.0647436 -0.0620649 -0.0593838 -0.0567004 -0.0540147 -0.051327 -0.0486373 -0.0459456 -0.0432522 -0.0405571 -0.0378605 -0.0351623 -0.0324628 -0.029762 -0.0270601 -0.0243571 -0.0216531 -0.0189483 -0.0162428 -0.0135366 -0.01083 -0.00812284 -0.0054154 -0.00270775 -3.2474e-13 0.00270775 0.0054154 0.00812284 0.01083 0.0135366 0.0162428 0.0189483 0.0216531 0.0243571 0.0270601 0.029762 0.0324628 0.0351623 0.0378605 0.0405571 0.0432522 0.0459456 0.0486373 0.051327 0.0540147 0.0567004 0.0593838 0.0620649 0.0647436 
