0.05 0.00030483 0.000305181 0.000305533 0.000305885 0.000306238 0.000306591 0.000306945 0.000307299 0.000307654 0.00030801 0.000308366 0.000308722 0.00030908 0.000309437 0.000309796 0.000310154 0.000310514 0.000310874 0.000311234 0.000311595 0.000311957 0.000312319 0.000312682 0.000313045 651.13 1299.59 648.464 0.000313045 0.000312682 0.000312319 0.000311957 0.000311595 0.000311234 0.000310874 0.000310514 0.000310154 0.000309796 0.000309437 0.00030908 0.000308722 0.000308366 0.00030801 0.000307654 0.000307299 0.000306945 0.000306591 0.000306238 0.000305885 0.000305533 0.000305181 
0.1 0.00123358 0.00123503 0.00123649 0.00123794 0.0012394 0.00124086 0.00124233 0.00124379 0.00124526 0.00124673 0.0012482 0.00124968 0.00125116 0.00125264 0.00125412 0.0012556 0.00125709 0.00125858 0.00126007 0.00126157 0.00126306 0.00126456 0.00126607 0.00126757 649.206 1298.37 649.164 0.00126757 0.00126607 0.00126456 0.00126306 0.00126157 0.00126007 0.00125858 0.00125709 0.0012556 0.00125412 0.00125264 0.00125116 0.00124968 0.0012482 0.00124673 0.00124526 0.00124379 0.00124233 0.00124086 0.0012394 0.00123794 0.00123649 0.00123503 
0.15 0.00283039 0.00283384 0.0028373 0.00284076 0.00284423 0.00284771 0.00285119 0.00285468 0.00285817 0.00286167 0.00286517 0.00286869 0.0028722 0.00287573 0.00287926 0.0028828 0.00288634 0.00288989 0.00289345 0.00289701 0.00290058 0.00290415 0.00290774 0.00291134 648.157 1296.31 648.156 0.00291134 0.00290774 0.00290415 0.00290058 0.00289701 0.00289345 0.00288989 0.00288634 0.0028828 0.00287926 0.00287573 0.0028722 0.00286869 0.00286517 0.00286167 0.00285817 0.00285468 0.00285119 0.00284771 0.00284423 0.00284076 0.0028373 0.00283384 
0.2 0.00517357 0.0051802 0.00518684 0.0051935 0.00520017 0.00520685 0.00521355 0.00522025 0.00522698 0.00523371 0.00524046 0.00524722 0.005254 0.00526078 0.00526759 0.0052744 0.00528123 0.00528808 0.00529494 0.00530183 0.00530875 0.00531573 0.00532292 0.00533152 646.697 1293.39 646.697 0.00533152 0.00532292 0.00531573 0.00530875 0.00530183 0.00529494 0.00528808 0.00528123 0.0052744 0.00526759 0.00526078 0.005254 0.00524722 0.00524046 0.00523371 0.00522698 0.00522025 0.00521355 0.00520685 0.00520017 0.0051935 0.00518684 0.0051802 
0.25 0.00838354 0.008395 0.00840649 0.00841801 0.00842954 0.00844111 0.0084527 0.00846432 0.00847597 0.00848765 0.00849936 0.00851109 0.00852286 0.00853467 0.00854653 0.00855843 0.00857041 0.00858248 0.00859472 0.00860727 0.00862049 0.00863552 0.00865728 0.00872807 644.786 1289.56 644.786 0.00872807 0.00865728 0.00863552 0.00862049 0.00860727 0.00859472 0.00858248 0.00857041 0.00855843 0.00854653 0.00853467 0.00852286 0.00851109 0.00849936 0.00848765 0.00847597 0.00846432 0.0084527 0.00844111 0.00842954 0.00841801 0.00840649 0.008395 
0.3 0.0126361 0.0126549 0.0126737 0.0126925 0.0127115 0.0127304 0.0127495 0.0127686 0.0127879 0.0128072 0.0128267 0.0128463 0.012866 0.0128861 0.0129065 0.0129274 0.0129492 0.0129723 0.0129981 0.0130289 0.0130715 0.0131464 0.0133427 0.0144266 642.395 1284.77 642.395 0.0144266 0.0133427 0.0131464 0.0130715 0.0130289 0.0129981 0.0129723 0.0129492 0.0129274 0.0129065 0.0128861 0.012866 0.0128463 0.0128267 0.0128072 0.0127879 0.0127686 0.0127495 0.0127304 0.0127115 0.0126925 0.0126737 0.0126549 
0.35 0.0181857 0.0182158 0.0182462 0.0182767 0.0183075 0.0183387 0.0183701 0.018402 0.0184345 0.0184676 0.0185017 0.0185369 0.0185739 0.0186134 0.0186564 0.0187051 0.018763 0.0188365 0.0189388 0.0190997 0.0193947 0.0200602 0.0221201 0.0343745 639.483 1278.92 639.483 0.0343745 0.0221201 0.0200602 0.0193947 0.0190997 0.0189388 0.0188365 0.018763 0.0187051 0.0186564 0.0186134 0.0185739 0.0185369 0.0185017 0.0184676 0.0184345 0.018402 0.0183701 0.0183387 0.0183075 0.0182767 0.0182462 0.0182158 
0.4 0.0254151 0.0254659 0.0255178 0.025571 0.0256256 0.0256822 0.0257411 0.025803 0.0258687 0.0259397 0.0260175 0.0261049 0.0262057 0.0263261 0.0264758 0.0266711 0.0269408 0.0273387 0.0279736 0.0290882 0.0313047 0.0365663 0.0532854 0.153759 635.978 1271.71 635.978 0.153759 0.0532854 0.0365663 0.0313047 0.0290882 0.0279736 0.0273387 0.0269408 0.0266711 0.0264758 0.0263261 0.0262057 0.0261049 0.0260175 0.0259397 0.0258687 0.025803 0.0257411 0.0256822 0.0256256 0.025571 0.0255178 0.0254659 
0.45 0.0349758 0.0350778 0.0351857 0.0353008 0.0354248 0.03556 0.0357094 0.0358771 0.0360688 0.0362924 0.0365592 0.0368859 0.0372973 0.0378321 0.0385524 0.0395618 0.0410432 0.0433383 0.0471379 0.0539855 0.067832 0.101019 0.206949 0.843661 631.682 1261.97 631.682 0.843661 0.206949 0.101019 0.067832 0.0539855 0.0471379 0.0433383 0.0410432 0.0395618 0.0385524 0.0378321 0.0372973 0.0368859 0.0365592 0.0362924 0.0360688 0.0358771 0.0357094 0.03556 0.0354248 0.0353008 0.0351857 0.0350778 
0.5 0.0482302 0.0484997 0.0487986 0.0491337 0.049514 0.0499511 0.0504609 0.0510646 0.0517914 0.0526824 0.0537961 0.0552185 0.0570787 0.0595766 0.0630334 0.0679862 0.0753806 0.0869852 0.106374 0.141528 0.21287 0.384123 0.930356 4.188 625.917 1244.81 625.917 4.188 0.930356 0.384123 0.21287 0.141528 0.106374 0.0869852 0.0753806 0.0679862 0.0630334 0.0595766 0.0570787 0.0552185 0.0537961 0.0526824 0.0517914 0.0510646 0.0504609 0.0499511 0.049514 0.0491337 0.0487986 0.0484997 
0.55 0.0686015 0.0694689 0.0704634 0.071615 0.0729629 0.0745586 0.0764708 0.0787924 0.0816515 0.0852276 0.0897772 0.095676 0.103489 0.11409 0.128883 0.150215 0.182218 0.232611 0.316981 0.470087 0.780659 1.52435 3.87901 17.4567 616.354 1203.5 616.354 17.4567 3.87901 1.52435 0.780659 0.470087 0.316981 0.232611 0.182218 0.150215 0.128883 0.11409 0.103489 0.095676 0.0897772 0.0852276 0.0816515 0.0787924 0.0764708 0.0745586 0.0729629 0.071615 0.0704634 0.0694689 
0.6 0.105326 0.108235 0.111626 0.115613 0.120343 0.126012 0.132881 0.141303 0.151764 0.164944 0.181817 0.203805 0.233046 0.27285 0.328523 0.408927 0.529626 0.719646 1.03738 1.61239 2.77258 5.52056 13.987 57.6729 596.099 1097.34 596.099 57.6729 13.987 5.52056 2.77258 1.61239 1.03738 0.719646 0.529626 0.408927 0.328523 0.27285 0.233046 0.203805 0.181817 0.164944 0.151764 0.141303 0.132881 0.126012 0.120343 0.115613 0.111626 0.108235 
0.65 0.182743 0.192042 0.202953 0.215861 0.231262 0.249811 0.272381 0.300153 0.334749 0.37844 0.434466 0.507563 0.604828 0.737217 0.922237 1.18902 1.58841 2.21453 3.25466 5.11736 8.80896 17.2571 41.2743 136.155 550.029 887.075 550.029 136.155 41.2743 17.2571 8.80896 5.11736 3.25466 2.21453 1.58841 1.18902 0.922237 0.737217 0.604828 0.507563 0.434466 0.37844 0.334749 0.300153 0.272381 0.249811 0.231262 0.215861 0.202953 0.192042 
0.7 0.360475 0.38785 0.420057 0.458238 0.503875 0.558914 0.625943 0.708453 0.811229 0.940946 1.10709 1.32346 1.6106 1.99999 2.54146 3.31693 4.46708 6.24657 9.14644 14.1888 23.7096 43.6705 91.0479 213.509 462.385 622.506 462.385 213.509 91.0479 43.6705 23.7096 14.1888 9.14644 6.24657 4.46708 3.31693 2.54146 1.99999 1.6106 1.32346 1.10709 0.940946 0.811229 0.708453 0.625943 0.558914 0.503875 0.458238 0.420057 0.38785 
0.75 0.76999 0.843239 0.929403 1.03149 1.15339 1.30018 1.47857 1.69757 1.96943 2.31107 2.74629 3.30926 4.05004 5.04391 6.40708 8.32464 11.1016 15.2602 21.732 32.2496 50.1478 81.8694 138.691 232.32 345.43 401.355 345.43 232.32 138.691 81.8694 50.1478 32.2496 21.732 15.2602 11.1016 8.32464 6.40708 5.04391 4.05004 3.30926 2.74629 2.31107 1.96943 1.69757 1.47857 1.30018 1.15339 1.03149 0.929403 0.843239 
0.8 1.66075 1.83628 2.04207 2.28491 2.57349 2.91903 3.33618 3.84426 4.46907 5.24554 6.22153 7.46368 9.06619 11.1643 13.9557 17.7333 22.938 30.239 40.6505 55.6747 77.3799 108.088 148.876 195.972 236.826 253.48 236.826 195.972 148.876 108.088 77.3799 55.6747 40.6505 30.239 22.938 17.7333 13.9557 11.1643 9.06619 7.46368 6.22153 5.24554 4.46907 3.84426 3.33618 2.91903 2.57349 2.28491 2.04207 1.83628 
0.85 3.39893 3.7656 4.19181 4.68989 5.27526 5.96733 6.79071 7.7768 8.96596 10.4104 12.178 14.3577 17.0658 20.4552 24.7255 30.1346 37.0076 45.7353 56.7464 70.4219 86.9077 105.792 125.69 143.982 157.148 161.977 157.148 143.982 125.69 105.792 86.9077 70.4219 56.7464 45.7353 37.0076 30.1346 24.7255 20.4552 17.0658 14.3577 12.178 10.4104 8.96596 7.7768 6.79071 5.96733 5.27526 4.68989 4.19181 3.7656 
0.9 6.26777 6.90679 7.63757 8.47615 9.44177 10.5575 11.851 13.3554 15.1105 17.1634 19.57 22.395 25.7125 29.6046 34.1572 39.4532 45.5586 52.5017 60.2427 68.6346 77.3836 86.0207 93.9093 100.309 104.504 105.967 104.504 100.309 93.9093 86.0207 77.3836 68.6346 60.2427 52.5017 45.5586 39.4532 34.1572 29.6046 25.7125 22.395 19.57 17.1634 15.1105 13.3554 11.851 10.5575 9.44177 8.47615 7.63757 6.90679 
0.95 9.97469 10.8577 11.8423 12.9412 14.1686 15.5401 17.0728 18.785 20.6956 22.8242 25.1891 27.8069 30.6897 33.8432 37.2623 40.9282 44.8027 48.8248 52.9061 56.9303 60.7542 64.2149 67.1415 69.3714 70.7696 71.2461 70.7696 69.3714 67.1415 64.2149 60.7542 56.9303 52.9061 48.8248 44.8027 40.9282 37.2623 33.8432 30.6897 27.8069 25.1891 22.8242 20.6956 18.785 17.0728 15.5401 14.1686 12.9412 11.8423 10.8577 
1 13.3634 14.3016 15.3151 16.4086 17.5868 18.8536 20.2124 21.6655 23.2137 24.856 26.5889 28.4058 30.2967 32.2473 34.2386 36.2465 38.2419 40.1905 42.054 43.7904 45.3567 46.71 47.8105 48.6236 49.1227 49.291 49.1227 48.6236 47.8105 46.71 45.3567 43.7904 42.054 40.1905 38.2419 36.2465 34.2386 32.2473 30.2967 28.4058 26.5889 24.856 23.2137 21.6655 20.2124 18.8536 17.5868 16.4086 15.3151 14.3016 
1.05 15.1679 15.9469 16.7621 17.6132 18.4992 19.4188 20.3695 21.3485 22.3519 23.3749 24.4117 25.4553 26.4979 27.5303 28.5426 29.5238 30.4624 31.3464 32.1633 32.9013 33.5485 34.0944 34.5295 34.8462 35.0385 35.1031 35.0385 34.8462 34.5295 34.0944 33.5485 32.9013 32.1633 31.3464 30.4624 29.5238 28.5426 27.5303 26.4979 25.4553 24.4117 23.3749 22.3519 21.3485 20.3695 19.4188 18.4992 17.6132 16.7621 15.9469 
1.1 15.104 15.6409 16.1881 16.7442 17.3076 17.8764 18.4485 19.0213 19.5923 20.1586 20.7169 21.264 21.7962 22.31 22.8014 23.2667 23.702 24.1036 24.4677 24.7911 25.0705 25.3032 25.4867 25.6192 25.6993 25.7261 25.6993 25.6192 25.4867 25.3032 25.0705 24.7911 24.4677 24.1036 23.702 23.2667 22.8014 22.31 21.7962 21.264 20.7169 20.1586 19.5923 19.0213 18.4485 17.8764 17.3076 16.7442 16.1881 15.6409 
1.15 13.8028 14.1335 14.4641 14.7936 15.1211 15.4455 15.7656 16.0802 16.3881 16.6881 16.9787 17.2587 17.5268 17.7816 18.0218 18.2461 18.4533 18.6421 18.8116 18.9607 19.0885 19.1941 19.277 19.3366 19.3725 19.3845 19.3725 19.3366 19.277 19.1941 19.0885 18.9607 18.8116 18.6421 18.4533 18.2461 18.0218 17.7816 17.5268 17.2587 16.9787 16.6881 16.3881 16.0802 15.7656 15.4455 15.1211 14.7936 14.4641 14.1335 
1.2 12.0296 12.2232 12.4142 12.6021 12.7865 12.9668 13.1425 13.3132 13.4784 13.6374 13.7899 13.9353 14.0732 14.203 14.3243 14.4367 14.5397 14.633 14.7162 14.789 14.8511 14.9022 14.9422 14.9709 14.9881 14.9939 14.9881 14.9709 14.9422 14.9022 14.8511 14.789 14.7162 14.633 14.5397 14.4367 14.3243 14.203 14.0732 13.9353 13.7899 13.6374 13.4784 13.3132 13.1425 12.9668 12.7865 12.6021 12.4142 12.2232 
1.25 10.2649 10.377 10.4867 10.5937 10.6978 10.7988 10.8965 10.9906 11.081 11.1675 11.2499 11.3279 11.4014 11.4703 11.5343 11.5933 11.6471 11.6957 11.7388 11.7765 11.8085 11.8348 11.8553 11.87 11.8789 11.8818 11.8789 11.87 11.8553 11.8348 11.8085 11.7765 11.7388 11.6957 11.6471 11.5933 11.5343 11.4703 11.4014 11.3279 11.2499 11.1675 11.081 10.9906 10.8965 10.7988 10.6978 10.5937 10.4867 10.377 
1.3 8.71102 8.77685 8.84086 8.90294 8.96301 9.02098 9.07677 9.13027 9.18142 9.23012 9.27631 9.31989 9.36081 9.39899 9.43436 9.46687 9.49646 9.52308 9.54668 9.56722 9.58467 9.59898 9.61014 9.61813 9.62293 9.62453 9.62293 9.61813 9.61014 9.59898 9.58467 9.56722 9.54668 9.52308 9.49646 9.46687 9.43436 9.39899 9.36081 9.31989 9.27631 9.23012 9.18142 9.13027 9.07677 9.02098 8.96301 8.90294 8.84086 8.77685 
1.35 7.41452 7.45411 7.49246 7.52951 7.56524 7.5996 7.63255 7.66406 7.69409 7.7226 7.74956 7.77494 7.7987 7.82083 7.84129 7.86005 7.87711 7.89242 7.90598 7.91776 7.92776 7.93595 7.94234 7.94691 7.94965 7.95056 7.94965 7.94691 7.94234 7.93595 7.92776 7.91776 7.90598 7.89242 7.87711 7.86005 7.84129 7.82083 7.7987 7.77494 7.74956 7.7226 7.69409 7.66406 7.63255 7.5996 7.56524 7.52951 7.49246 7.45411 
1.4 6.35635 6.38087 6.40456 6.4274 6.44936 6.47043 6.4906 6.50983 6.52813 6.54547 6.56184 6.57722 6.5916 6.60497 6.61732 6.62863 6.63889 6.6481 6.65624 6.66331 6.66931 6.67422 6.67805 6.68078 6.68243 6.68297 6.68243 6.68078 6.67805 6.67422 6.66931 6.66331 6.65624 6.6481 6.63889 6.62863 6.61732 6.60497 6.5916 6.57722 6.56184 6.54547 6.52813 6.50983 6.4906 6.47043 6.44936 6.4274 6.40456 6.38087 
1.45 5.49801 5.51366 5.52876 5.54329 5.55725 5.57061 5.58338 5.59555 5.6071 5.61804 5.62835 5.63803 5.64706 5.65546 5.6632 5.67029 5.67671 5.68248 5.68757 5.69199 5.69574 5.6988 5.70119 5.7029 5.70392 5.70427 5.70392 5.7029 5.70119 5.6988 5.69574 5.69199 5.68757 5.68248 5.67671 5.67029 5.6632 5.65546 5.64706 5.63803 5.62835 5.61804 5.6071 5.59555 5.58338 5.57061 5.55725 5.54329 5.52876 5.51366 
1.5 4.80033 4.81063 4.82055 4.83008 4.83923 4.84798 4.85633 4.86428 4.87182 4.87895 4.88567 4.89197 4.89785 4.90331 4.90834 4.91294 4.91711 4.92084 4.92415 4.92701 4.92944 4.93142 4.93297 4.93408 4.93474 4.93496 4.93474 4.93408 4.93297 4.93142 4.92944 4.92701 4.92415 4.92084 4.91711 4.91294 4.90834 4.90331 4.89785 4.89197 4.88567 4.87895 4.87182 4.86428 4.85633 4.84798 4.83923 4.83008 4.82055 4.81063 
1.55 4.22971 4.23668 4.24338 4.24982 4.25599 4.26189 4.26752 4.27287 4.27794 4.28274 4.28725 4.29148 4.29543 4.29909 4.30246 4.30554 4.30834 4.31084 4.31305 4.31497 4.31659 4.31792 4.31896 4.31969 4.32014 4.32029 4.32014 4.31969 4.31896 4.31792 4.31659 4.31497 4.31305 4.31084 4.30834 4.30554 4.30246 4.29909 4.29543 4.29148 4.28725 4.28274 4.27794 4.27287 4.26752 4.26189 4.25599 4.24982 4.24338 4.23668 
1.6 3.75917 3.764 3.76866 3.77312 3.7774 3.78148 3.78538 3.78908 3.79259 3.7959 3.79902 3.80194 3.80466 3.80719 3.80951 3.81164 3.81357 3.81529 3.81681 3.81813 3.81925 3.82017 3.82088 3.82139 3.8217 3.8218 3.8217 3.82139 3.82088 3.82017 3.81925 3.81813 3.81681 3.81529 3.81357 3.81164 3.80951 3.80719 3.80466 3.80194 3.79902 3.7959 3.79259 3.78908 3.78538 3.78148 3.7774 3.77312 3.76866 3.764 
1.65 3.36764 3.37108 3.37439 3.37756 3.38059 3.38349 3.38625 3.38888 3.39137 3.39371 3.39592 3.39799 3.39992 3.40171 3.40335 3.40486 3.40622 3.40744 3.40851 3.40945 3.41024 3.41088 3.41139 3.41175 3.41196 3.41204 3.41196 3.41175 3.41139 3.41088 3.41024 3.40945 3.40851 3.40744 3.40622 3.40486 3.40335 3.40171 3.39992 3.39799 3.39592 3.39371 3.39137 3.38888 3.38625 3.38349 3.38059 3.37756 3.37439 3.37108 
1.7 3.03888 3.04138 3.04378 3.04608 3.04828 3.05039 3.05239 3.05429 3.0561 3.0578 3.0594 3.0609 3.06229 3.06359 3.06478 3.06587 3.06685 3.06773 3.06851 3.06919 3.06976 3.07023 3.07059 3.07085 3.07101 3.07106 3.07101 3.07085 3.07059 3.07023 3.06976 3.06919 3.06851 3.06773 3.06685 3.06587 3.06478 3.06359 3.06229 3.0609 3.0594 3.0578 3.0561 3.05429 3.05239 3.05039 3.04828 3.04608 3.04378 3.04138 
1.75 2.76035 2.76221 2.76398 2.76569 2.76732 2.76888 2.77036 2.77177 2.7731 2.77436 2.77554 2.77665 2.77768 2.77864 2.77952 2.78032 2.78105 2.7817 2.78228 2.78277 2.7832 2.78354 2.78381 2.784 2.78412 2.78416 2.78412 2.784 2.78381 2.78354 2.7832 2.78277 2.78228 2.7817 2.78105 2.78032 2.77952 2.77864 2.77768 2.77665 2.77554 2.77436 2.7731 2.77177 2.77036 2.76888 2.76732 2.76569 2.76398 2.76221 
1.8 2.52238 2.52377 2.52512 2.5264 2.52763 2.5288 2.52992 2.53098 2.53199 2.53293 2.53382 2.53466 2.53543 2.53615 2.53682 2.53742 2.53797 2.53846 2.53889 2.53927 2.53958 2.53984 2.54005 2.54019 2.54028 2.54031 2.54028 2.54019 2.54005 2.53984 2.53958 2.53927 2.53889 2.53846 2.53797 2.53742 2.53682 2.53615 2.53543 2.53466 2.53382 2.53293 2.53199 2.53098 2.52992 2.5288 2.52763 2.5264 2.52512 2.52377 
1.85 2.31742 2.31849 2.31951 2.3205 2.32144 2.32234 2.3232 2.32401 2.32478 2.3255 2.32618 2.32682 2.32742 2.32797 2.32848 2.32894 2.32936 2.32973 2.33006 2.33035 2.33059 2.33079 2.33095 2.33106 2.33112 2.33115 2.33112 2.33106 2.33095 2.33079 2.33059 2.33035 2.33006 2.32973 2.32936 2.32894 2.32848 2.32797 2.32742 2.32682 2.32618 2.3255 2.32478 2.32401 2.3232 2.32234 2.32144 2.3205 2.31951 2.31849 
1.9 2.13957 2.1404 2.1412 2.14197 2.1427 2.1434 2.14406 2.14469 2.14529 2.14586 2.14639 2.14688 2.14734 2.14777 2.14817 2.14853 2.14885 2.14914 2.1494 2.14962 2.14981 2.14997 2.15009 2.15017 2.15022 2.15024 2.15022 2.15017 2.15009 2.14997 2.14981 2.14962 2.1494 2.14914 2.14885 2.14853 2.14817 2.14777 2.14734 2.14688 2.14639 2.14586 2.14529 2.14469 2.14406 2.1434 2.1427 2.14197 2.1412 2.1404 
1.95 1.98417 1.98483 1.98546 1.98606 1.98664 1.98719 1.98771 1.98821 1.98868 1.98913 1.98955 1.98994 1.9903 1.99064 1.99095 1.99123 1.99149 1.99172 1.99192 1.9921 1.99224 1.99237 1.99246 1.99253 1.99257 1.99258 1.99257 1.99253 1.99246 1.99237 1.99224 1.9921 1.99192 1.99172 1.99149 1.99123 1.99095 1.99064 1.9903 1.98994 1.98955 1.98913 1.98868 1.98821 1.98771 1.98719 1.98664 1.98606 1.98546 1.98483 
2 1.84751 1.84804 1.84854 1.84902 1.84948 1.84992 1.85034 1.85074 1.85112 1.85147 1.8518 1.85212 1.85241 1.85267 1.85292 1.85315 1.85335 1.85354 1.8537 1.85384 1.85396 1.85405 1.85413 1.85418 1.85421 1.85423 1.85421 1.85418 1.85413 1.85405 1.85396 1.85384 1.8537 1.85354 1.85335 1.85315 1.85292 1.85267 1.85241 1.85212 1.8518 1.85147 1.85112 1.85074 1.85034 1.84992 1.84948 1.84902 1.84854 1.84804 
