0.05 0.00030483 0.000305181 0.000305533 0.000305885 0.000306238 0.000306591 0.000306945 0.000307299 0.000307654 0.00030801 0.000308366 0.000308722 0.00030908 0.000309437 0.000309796 0.000310154 0.000310514 0.000310874 0.000311234 0.000311595 0.000311957 0.000312319 0.000312682 0.000313045 888.768 1299.59 410.826 0.000313045 0.000312682 0.000312319 0.000311957 0.000311595 0.000311234 0.000310874 0.000310514 0.000310154 0.000309796 0.000309437 0.00030908 0.000308722 0.000308366 0.00030801 0.000307654 0.000307299 0.000306945 0.000306591 0.000306238 0.000305885 0.000305533 0.000305181 
0.1 0.00123358 0.00123503 0.00123649 0.00123794 0.0012394 0.00124086 0.00124233 0.00124379 0.00124526 0.00124673 0.0012482 0.00124968 0.00125116 0.00125264 0.00125412 0.0012556 0.00125709 0.00125858 0.00126007 0.00126157 0.00126306 0.00126456 0.00126607 0.00126757 649.174 1298.37 649.196 0.00126757 0.00126607 0.00126456 0.00126306 0.00126157 0.00126007 0.00125858 0.00125709 0.0012556 0.00125412 0.00125264 0.00125116 0.00124968 0.0012482 0.00124673 0.00124526 0.00124379 0.00124233 0.00124086 0.0012394 0.00123794 0.00123649 0.00123503 
0.15 0.00283039 0.00283384 0.0028373 0.00284076 0.00284423 0.00284771 0.00285119 0.00285468 0.00285817 0.00286167 0.00286517 0.00286869 0.0028722 0.00287573 0.00287926 0.0028828 0.00288634 0.00288989 0.00289345 0.00289701 0.00290058 0.00290415 0.00290773 0.00291132 648.157 1296.31 648.156 0.00291132 0.00290773 0.00290415 0.00290058 0.00289701 0.00289345 0.00288989 0.00288634 0.0028828 0.00287926 0.00287573 0.0028722 0.00286869 0.00286517 0.00286167 0.00285817 0.00285468 0.00285119 0.00284771 0.00284423 0.00284076 0.0028373 0.00283384 
0.2 0.00517357 0.0051802 0.00518684 0.0051935 0.00520017 0.00520685 0.00521354 0.00522025 0.00522697 0.00523371 0.00524046 0.00524722 0.00525399 0.00526078 0.00526758 0.00527439 0.00528122 0.00528806 0.00529492 0.00530178 0.00530867 0.00531556 0.00532248 0.00532945 646.697 1293.39 646.697 0.00532945 0.00532248 0.00531556 0.00530867 0.00530178 0.00529492 0.00528806 0.00528122 0.00527439 0.00526758 0.00526078 0.00525399 0.00524722 0.00524046 0.00523371 0.00522697 0.00522025 0.00521354 0.00520685 0.00520017 0.0051935 0.00518684 0.0051802 
0.25 0.00838352 0.00839498 0.00840647 0.00841798 0.00842951 0.00844107 0.00845266 0.00846427 0.00847591 0.00848757 0.00849926 0.00851098 0.00852272 0.00853449 0.00854628 0.0085581 0.00856996 0.00858184 0.00859375 0.0086057 0.00861771 0.00862982 0.00864225 0.00865683 644.786 1289.56 644.786 0.00865683 0.00864225 0.00862982 0.00861771 0.0086057 0.00859375 0.00858184 0.00856996 0.0085581 0.00854628 0.00853449 0.00852272 0.00851098 0.00849926 0.00848757 0.00847591 0.00846427 0.00845266 0.00844107 0.00842951 0.00841798 0.00840647 0.00839498 
0.3 0.0126358 0.0126545 0.0126732 0.012692 0.0127109 0.0127297 0.0127487 0.0127677 0.0127867 0.0128058 0.012825 0.0128442 0.0128634 0.0128827 0.0129021 0.0129216 0.0129412 0.0129609 0.0129808 0.0130011 0.0130221 0.0130453 0.013076 0.0131622 642.395 1284.78 642.395 0.0131622 0.013076 0.0130453 0.0130221 0.0130011 0.0129808 0.0129609 0.0129412 0.0129216 0.0129021 0.0128827 0.0128634 0.0128442 0.012825 0.0128058 0.0127867 0.0127677 0.0127487 0.0127297 0.0127109 0.012692 0.0126732 0.0126545 
0.35 0.0181817 0.0182113 0.018241 0.0182708 0.0183007 0.0183307 0.0183609 0.0183911 0.0184215 0.018452 0.0184827 0.0185135 0.0185446 0.018576 0.0186078 0.0186401 0.0186734 0.018708 0.0187451 0.0187873 0.018841 0.0189262 0.0191299 0.020199 639.487 1278.95 639.487 0.020199 0.0191299 0.0189262 0.018841 0.0187873 0.0187451 0.018708 0.0186734 0.0186401 0.0186078 0.018576 0.0185446 0.0185135 0.0184827 0.018452 0.0184215 0.0183911 0.0183609 0.0183307 0.0183007 0.0182708 0.018241 0.0182113 
0.4 0.025383 0.0254296 0.0254764 0.0255236 0.025571 0.0256188 0.0256671 0.0257158 0.025765 0.025815 0.0258659 0.0259181 0.0259718 0.0260279 0.0260874 0.0261521 0.0262252 0.0263126 0.0264265 0.0265937 0.026883 0.0275099 0.0294063 0.0405847 636.01 1271.97 636.01 0.0405847 0.0294063 0.0275099 0.026883 0.0265937 0.0264265 0.0263126 0.0262252 0.0261521 0.0260874 0.0260279 0.0259718 0.0259181 0.0258659 0.025815 0.025765 0.0257158 0.0256671 0.0256188 0.025571 0.0255236 0.0254764 0.0254296 
0.45 0.0347785 0.0348544 0.0349313 0.0350095 0.0350892 0.0351708 0.0352546 0.0353412 0.0354315 0.0355265 0.0356278 0.0357378 0.0358599 0.0359996 0.0361656 0.0363723 0.0366455 0.0370329 0.0376313 0.0386571 0.0406637 0.0453807 0.0602959 0.14976 631.878 1263.53 631.878 0.14976 0.0602959 0.0453807 0.0406637 0.0386571 0.0376313 0.0370329 0.0366455 0.0363723 0.0361656 0.0359996 0.0358599 0.0357378 0.0356278 0.0355265 0.0354315 0.0353412 0.0352546 0.0351708 0.0350892 0.0350095 0.0349313 0.0348544 
0.5 0.0472477 0.0473868 0.0475315 0.0476829 0.0478426 0.0480125 0.0481956 0.0483953 0.0486168 0.0488671 0.0491564 0.0494996 0.0499189 0.0504489 0.0511451 0.0521003 0.0534779 0.0555837 0.0590354 0.0652135 0.0776518 0.107389 0.202192 0.771859 626.888 1252.51 626.888 0.771859 0.202192 0.107389 0.0776518 0.0652135 0.0590354 0.0555837 0.0534779 0.0521003 0.0511451 0.0504489 0.0499189 0.0494996 0.0491564 0.0488671 0.0486168 0.0483953 0.0481956 0.0480125 0.0478426 0.0476829 0.0475315 0.0473868 
0.55 0.0644872 0.0648084 0.0651571 0.0655394 0.0659635 0.0664403 0.0669841 0.0676143 0.0683576 0.0692516 0.0703498 0.0717308 0.0735125 0.0758778 0.0791201 0.0837303 0.0905728 0.101264 0.11907 0.151287 0.216582 0.373208 0.872684 3.85339 620.374 1234.3 620.374 3.85339 0.872684 0.373208 0.216582 0.151287 0.11907 0.101264 0.0905728 0.0837303 0.0791201 0.0758778 0.0735125 0.0717308 0.0703498 0.0692516 0.0683576 0.0676143 0.0669841 0.0664403 0.0659635 0.0655394 0.0651571 0.0648084 
0.6 0.0904564 0.091393 0.0924507 0.0936577 0.095051 0.0966792 0.0986072 0.100923 0.103746 0.107248 0.111668 0.117363 0.124865 0.134999 0.149088 0.169348 0.199676 0.247356 0.327094 0.471689 0.764881 1.46689 3.69027 16.5357 610.021 1192.38 610.021 16.5357 3.69027 1.46689 0.764881 0.471689 0.327094 0.247356 0.199676 0.169348 0.149088 0.134999 0.124865 0.117363 0.111668 0.107248 0.103746 0.100923 0.0986072 0.0966792 0.095051 0.0936577 0.0924507 0.091393 
0.65 0.135514 0.138552 0.142064 0.146161 0.150988 0.156737 0.163663 0.172112 0.18256 0.195672 0.212401 0.234141 0.262986 0.302174 0.356901 0.435846 0.554245 0.74052 1.05185 1.6151 2.7514 5.44282 13.737 56.5824 588.687 1084.32 588.687 56.5824 13.737 5.44282 2.7514 1.6151 1.05185 0.74052 0.554245 0.435846 0.356901 0.302174 0.262986 0.234141 0.212401 0.195672 0.18256 0.172112 0.163663 0.156737 0.150988 0.146161 0.142064 0.138552 
0.7 0.227118 0.236893 0.248314 0.261772 0.277772 0.296982 0.320291 0.348899 0.384458 0.42928 0.486663 0.561425 0.660789 0.795901 0.984571 1.25642 1.66316 2.30046 3.35854 5.25213 9.00137 17.5672 41.8311 136.698 539.995 866.645 539.995 136.698 41.8311 17.5672 9.00137 5.25213 3.35854 2.30046 1.66316 1.25642 0.984571 0.795901 0.660789 0.561425 0.486663 0.42928 0.384458 0.348899 0.320291 0.296982 0.277772 0.261772 0.248314 0.236893 
0.75 0.434099 0.463553 0.498124 0.539019 0.587803 0.646531 0.717938 0.805707 0.914891 1.05253 1.22862 1.45771 1.76143 2.1729 2.7445 3.56218 4.77331 6.64399 9.68541 14.9561 24.8552 45.4204 93.4007 213.411 446.789 594.098 446.789 213.411 93.4007 45.4204 24.8552 14.9561 9.68541 6.64399 4.77331 3.56218 2.7445 2.1729 1.76143 1.45771 1.22862 1.05253 0.914891 0.805707 0.717938 0.646531 0.587803 0.539019 0.498124 0.463553 
0.8 0.911899 0.992791 1.08779 1.20017 1.33416 1.49527 1.69079 1.93048 2.2276 2.60042 3.0746 3.68689 4.49098 5.56727 7.03935 9.1029 12.0779 16.5068 23.3436 34.3278 52.7103 84.4894 139.369 225.523 324.705 372.404 324.705 225.523 139.369 84.4894 52.7103 34.3278 23.3436 16.5068 12.0779 9.1029 7.03935 5.56727 4.49098 3.68689 3.0746 2.60042 2.2276 1.93048 1.69079 1.49527 1.33416 1.20017 1.08779 0.992791 
0.85 1.95741 2.15487 2.38593 2.65805 2.98075 3.3663 3.83064 4.39472 5.08637 5.94306 7.0158 8.37507 10.1195 12.3892 15.3858 19.4031 24.8732 32.4326 43.0089 57.9012 78.7528 107.127 143.135 182.78 215.802 228.951 215.802 182.78 143.135 107.127 78.7528 57.9012 43.0089 32.4326 24.8732 19.4031 15.3858 12.3892 10.1195 8.37507 7.0158 5.94306 5.08637 4.39472 3.83064 3.3663 2.98075 2.65805 2.38593 2.15487 
0.9 3.98445 4.39654 4.8739 5.42966 6.08011 6.8456 7.75168 8.83058 10.1232 11.6818 13.573 15.8822 18.7188 22.2224 26.5685 31.9743 38.6975 47.0238 57.2273 69.4856 83.7267 99.4095 115.297 129.393 139.266 142.834 139.266 129.393 115.297 99.4095 83.7267 69.4856 57.2273 47.0238 38.6975 31.9743 26.5685 22.2224 18.7188 15.8822 13.573 11.6818 10.1232 8.83058 7.75168 6.8456 6.08011 5.42966 4.8739 4.39654 
0.95 7.20522 7.8998 8.68891 9.58793 10.615 11.7915 13.1424 14.697 16.4895 18.559 20.9499 23.7117 26.8973 30.5609 34.753 39.5132 44.8585 50.7675 57.1614 63.8821 70.6754 77.1861 82.9755 87.5694 90.5332 91.5584 90.5332 87.5694 82.9755 77.1861 70.6754 63.8821 57.1614 50.7675 44.8585 39.5132 34.753 30.5609 26.8973 23.7117 20.9499 18.559 16.4895 14.697 13.1424 11.7915 10.615 9.58793 8.68891 7.8998 
1 11.0028 11.8955 12.8805 13.9678 15.1678 16.4916 17.9508 19.5568 21.3209 23.253 25.3612 27.6504 30.1206 32.7655 35.5701 38.5086 41.5424 44.6182 47.6677 50.6079 53.3439 55.7738 57.7959 59.3172 60.2627 60.5835 60.2627 59.3172 57.7959 55.7738 53.3439 50.6079 47.6677 44.6182 41.5424 38.5086 35.5701 32.7655 30.1206 27.6504 25.3612 23.253 21.3209 19.5568 17.9508 16.4916 15.1678 13.9678 12.8805 11.8955 
1.05 13.9053 14.7631 15.6782 16.6525 17.6878 18.7851 19.9444 21.1649 22.4444 23.7793 25.1639 26.5906 28.0495 29.5278 31.0106 32.4799 33.9153 35.2945 36.5931 37.7862 38.8486 39.7564 40.4878 41.0244 41.3523 41.4625 41.3523 41.0244 40.4878 39.7564 38.8486 37.7862 36.5931 35.2945 33.9153 32.4799 31.0106 29.5278 28.0495 26.5906 25.1639 23.7793 22.4444 21.1649 19.9444 18.7851 17.6878 16.6525 15.6782 14.7631 
1.1 14.8554 15.4986 16.1636 16.8491 17.5538 18.2755 19.0121 19.7604 20.5173 21.2787 22.0401 22.7966 23.5426 24.2721 24.9786 25.6556 26.296 26.8929 27.4393 27.9286 28.3546 28.7115 28.9945 29.1997 29.324 29.3656 29.324 29.1997 28.9945 28.7115 28.3546 27.9286 27.4393 26.8929 26.296 25.6556 24.9786 24.2721 23.5426 22.7966 22.0401 21.2787 20.5173 19.7604 19.0121 18.2755 17.5538 16.8491 16.1636 15.4986 
1.15 14.082 14.4906 14.903 15.3179 15.7339 16.1498 16.5639 16.9744 17.3797 17.7779 18.1668 18.5444 18.9087 19.2574 19.5883 19.8993 20.1882 20.4531 20.6919 20.9028 21.0843 21.2348 21.3532 21.4385 21.49 21.5072 21.49 21.4385 21.3532 21.2348 21.0843 20.9028 20.6919 20.4531 20.1882 19.8993 19.5883 19.2574 18.9087 18.5444 18.1668 17.7779 17.3797 16.9744 16.5639 16.1498 15.7339 15.3179 14.903 14.4906 
1.2 12.45 12.6886 12.9254 13.1597 13.3908 13.6181 13.8408 14.0582 14.2696 14.4742 14.6713 14.86 15.0396 15.2095 15.3688 15.5169 15.653 15.7767 15.8873 15.9842 16.0671 16.1355 16.189 16.2275 16.2506 16.2583 16.2506 16.2275 16.189 16.1355 16.0671 15.9842 15.8873 15.7767 15.653 15.5169 15.3688 15.2095 15.0396 14.86 14.6713 14.4742 14.2696 14.0582 13.8408 13.6181 13.3908 13.1597 12.9254 12.6886 
1.25 10.6491 10.7848 10.918 11.0483 11.1755 11.2993 11.4195 11.5356 11.6474 11.7547 11.8572 11.9545 12.0464 12.1326 12.213 12.2872 12.355 12.4163 12.4708 12.5184 12.559 12.5923 12.6184 12.637 12.6483 12.652 12.6483 12.637 12.6184 12.5923 12.559 12.5184 12.4708 12.4163 12.355 12.2872 12.213 12.1326 12.0464 11.9545 11.8572 11.7547 11.6474 11.5356 11.4195 11.2993 11.1755 11.0483 10.918 10.7848 
1.3 9.01085 9.08856 9.16428 9.23788 9.30924 9.37824 9.44475 9.50867 9.56987 9.62824 9.68368 9.73607 9.78533 9.83135 9.87404 9.91332 9.9491 9.98132 10.0099 10.0348 10.056 10.0733 10.0869 10.0966 10.1024 10.1044 10.1024 10.0966 10.0869 10.0733 10.056 10.0348 10.0099 9.98132 9.9491 9.91332 9.87404 9.83135 9.78533 9.73607 9.68368 9.62824 9.56987 9.50867 9.44475 9.37824 9.30924 9.23788 9.16428 9.08856 
1.35 7.63352 7.67912 7.72335 7.76615 7.80746 7.84724 7.88543 7.92199 7.95686 7.99001 8.02138 8.05094 8.07865 8.10446 8.12834 8.15027 8.1702 8.1881 8.20397 8.21776 8.22947 8.23907 8.24655 8.2519 8.25512 8.25619 8.25512 8.2519 8.24655 8.23907 8.22947 8.21776 8.20397 8.1881 8.1702 8.15027 8.12834 8.10446 8.07865 8.05094 8.02138 7.99001 7.95686 7.92199 7.88543 7.84724 7.80746 7.76615 7.72335 7.67912 
1.4 6.51197 6.53959 6.56629 6.59206 6.61686 6.64067 6.66347 6.68524 6.70596 6.7256 6.74416 6.7616 6.77792 6.7931 6.80712 6.81997 6.83164 6.84211 6.85137 6.85942 6.86624 6.87183 6.87619 6.8793 6.88117 6.8818 6.88117 6.8793 6.87619 6.87183 6.86624 6.85942 6.85137 6.84211 6.83164 6.81997 6.80712 6.7931 6.77792 6.7616 6.74416 6.7256 6.70596 6.68524 6.66347 6.64067 6.61686 6.59206 6.56629 6.53959 
1.45 5.6076 5.6249 5.64159 5.65766 5.67309 5.68789 5.70203 5.71551 5.72831 5.74044 5.75187 5.76261 5.77264 5.78196 5.79056 5.79843 5.80558 5.81198 5.81764 5.82255 5.82672 5.83013 5.83279 5.83469 5.83583 5.83621 5.83583 5.83469 5.83279 5.83013 5.82672 5.82255 5.81764 5.81198 5.80558 5.79843 5.79056 5.78196 5.77264 5.76261 5.75187 5.74044 5.72831 5.71551 5.70203 5.68789 5.67309 5.65766 5.64159 5.6249 
1.5 4.87755 4.88875 4.89953 4.9099 4.91984 4.92936 4.93845 4.94711 4.95532 4.96309 4.97041 4.97727 4.98368 4.98963 4.99511 5.00013 5.00468 5.00876 5.01236 5.01548 5.01813 5.0203 5.02199 5.02319 5.02392 5.02416 5.02392 5.02319 5.02199 5.0203 5.01813 5.01548 5.01236 5.00876 5.00468 5.00013 4.99511 4.98963 4.98368 4.97727 4.97041 4.96309 4.95532 4.94711 4.93845 4.92936 4.91984 4.9099 4.89953 4.88875 
1.55 4.28443 4.29189 4.29908 4.30598 4.3126 4.31893 4.32497 4.33071 4.33615 4.3413 4.34615 4.35069 4.35493 4.35886 4.36248 4.36579 4.36879 4.37148 4.37386 4.37592 4.37766 4.37909 4.38021 4.381 4.38148 4.38164 4.38148 4.381 4.38021 4.37909 4.37766 4.37592 4.37386 4.37148 4.36879 4.36579 4.36248 4.35886 4.35493 4.35069 4.34615 4.3413 4.33615 4.33071 4.32497 4.31893 4.3126 4.30598 4.29908 4.29189 
1.6 3.79825 3.80337 3.8083 3.81304 3.81757 3.8219 3.82603 3.82995 3.83367 3.83719 3.84049 3.84359 3.84648 3.84916 3.85163 3.85389 3.85593 3.85776 3.85938 3.86078 3.86197 3.86294 3.8637 3.86424 3.86456 3.86467 3.86456 3.86424 3.8637 3.86294 3.86197 3.86078 3.85938 3.85776 3.85593 3.85389 3.85163 3.84916 3.84648 3.84359 3.84049 3.83719 3.83367 3.82995 3.82603 3.8219 3.81757 3.81304 3.8083 3.80337 
1.65 3.39582 3.39943 3.4029 3.40623 3.40941 3.41246 3.41536 3.41811 3.42072 3.42319 3.42551 3.42768 3.42971 3.43158 3.43331 3.43489 3.43632 3.43761 3.43874 3.43972 3.44055 3.44123 3.44176 3.44214 3.44236 3.44244 3.44236 3.44214 3.44176 3.44123 3.44055 3.43972 3.43874 3.43761 3.43632 3.43489 3.43331 3.43158 3.42971 3.42768 3.42551 3.42319 3.42072 3.41811 3.41536 3.41246 3.40941 3.40623 3.4029 3.39943 
1.7 3.05939 3.06199 3.06449 3.06689 3.06919 3.07138 3.07346 3.07545 3.07732 3.0791 3.08076 3.08232 3.08378 3.08513 3.08637 3.0875 3.08853 3.08945 3.09026 3.09096 3.09156 3.09205 3.09243 3.0927 3.09286 3.09291 3.09286 3.0927 3.09243 3.09205 3.09156 3.09096 3.09026 3.08945 3.08853 3.0875 3.08637 3.08513 3.08378 3.08232 3.08076 3.0791 3.07732 3.07545 3.07346 3.07138 3.06919 3.06689 3.06449 3.06199 
1.75 2.77543 2.77735 2.77919 2.78095 2.78264 2.78425 2.78578 2.78724 2.78862 2.78992 2.79115 2.79229 2.79336 2.79435 2.79526 2.79609 2.79685 2.79752 2.79812 2.79863 2.79907 2.79943 2.79971 2.7999 2.80002 2.80006 2.80002 2.7999 2.79971 2.79943 2.79907 2.79863 2.79812 2.79752 2.79685 2.79609 2.79526 2.79435 2.79336 2.79229 2.79115 2.78992 2.78862 2.78724 2.78578 2.78425 2.78264 2.78095 2.77919 2.77735 
1.8 2.53357 2.53501 2.53639 2.53771 2.53897 2.54018 2.54133 2.54242 2.54346 2.54443 2.54535 2.54621 2.54701 2.54775 2.54843 2.54905 2.54961 2.55012 2.55057 2.55095 2.55128 2.55155 2.55175 2.5519 2.55199 2.55202 2.55199 2.5519 2.55175 2.55155 2.55128 2.55095 2.55057 2.55012 2.54961 2.54905 2.54843 2.54775 2.54701 2.54621 2.54535 2.54443 2.54346 2.54242 2.54133 2.54018 2.53897 2.53771 2.53639 2.53501 
1.85 2.3258 2.3269 2.32795 2.32896 2.32992 2.33084 2.33172 2.33255 2.33334 2.33408 2.33478 2.33544 2.33605 2.33661 2.33713 2.3376 2.33803 2.33842 2.33876 2.33905 2.3393 2.3395 2.33966 2.33978 2.33984 2.33987 2.33984 2.33978 2.33966 2.3395 2.3393 2.33905 2.33876 2.33842 2.33803 2.3376 2.33713 2.33661 2.33605 2.33544 2.33478 2.33408 2.33334 2.33255 2.33172 2.33084 2.32992 2.32896 2.32795 2.3269 
1.9 2.1459 2.14675 2.14757 2.14835 2.1491 2.14981 2.15049 2.15114 2.15175 2.15232 2.15286 2.15337 2.15384 2.15428 2.15468 2.15505 2.15538 2.15568 2.15594 2.15617 2.15636 2.15652 2.15664 2.15673 2.15678 2.1568 2.15678 2.15673 2.15664 2.15652 2.15636 2.15617 2.15594 2.15568 2.15538 2.15505 2.15468 2.15428 2.15384 2.15337 2.15286 2.15232 2.15175 2.15114 2.15049 2.14981 2.1491 2.14835 2.14757 2.14675 
1.95 1.989 1.98967 1.99031 1.99092 1.99151 1.99207 1.99261 1.99311 1.99359 1.99404 1.99447 1.99487 1.99524 1.99558 1.9959 1.99618 1.99644 1.99668 1.99688 1.99706 1.99721 1.99734 1.99743 1.9975 1.99754 1.99756 1.99754 1.9975 1.99743 1.99734 1.99721 1.99706 1.99688 1.99668 1.99644 1.99618 1.9959 1.99558 1.99524 1.99487 1.99447 1.99404 1.99359 1.99311 1.99261 1.99207 1.99151 1.99092 1.99031 1.98967 
2 1.85122 1.85176 1.85227 1.85276 1.85322 1.85367 1.85409 1.8545 1.85488 1.85524 1.85558 1.85589 1.85619 1.85646 1.85671 1.85694 1.85715 1.85734 1.8575 1.85764 1.85776 1.85786 1.85794 1.85799 1.85802 1.85804 1.85802 1.85799 1.85794 1.85786 1.85776 1.85764 1.8575 1.85734 1.85715 1.85694 1.85671 1.85646 1.85619 1.85589 1.85558 1.85524 1.85488 1.8545 1.85409 1.85367 1.85322 1.85276 1.85227 1.85176 
