0.05 -0.00030483 -0.000305181 -0.000305533 -0.000305885 -0.000306238 -0.000306591 -0.000306945 -0.000307299 -0.000307654 -0.00030801 -0.000308366 -0.000308722 -0.00030908 -0.000309437 -0.000309796 -0.000310154 -0.000310514 -0.000310874 -0.000311234 -0.000311595 -0.000311957 -0.000312319 -0.000312682 -0.000313045 -0.000313414 3.17524e-12 0.000313414 0.000313045 0.000312682 0.000312319 0.000311957 0.000311595 0.000311234 0.000310874 0.000310514 0.000310154 0.000309796 0.000309437 0.00030908 0.000308722 0.000308366 0.00030801 0.000307654 0.000307299 0.000306945 0.000306591 0.000306238 0.000305885 0.000305533 0.000305181 
0.1 -0.00123358 -0.00123503 -0.00123649 -0.00123794 -0.0012394 -0.00124086 -0.00124233 -0.00124379 -0.00124526 -0.00124673 -0.0012482 -0.00124968 -0.00125116 -0.00125264 -0.00125412 -0.0012556 -0.00125709 -0.00125858 -0.00126007 -0.00126157 -0.00126306 -0.00126456 -0.00126607 -0.00126757 -0.00127014 3.89688e-12 0.00127014 0.00126757 0.00126607 0.00126456 0.00126306 0.00126157 0.00126007 0.00125858 0.00125709 0.0012556 0.00125412 0.00125264 0.00125116 0.00124968 0.0012482 0.00124673 0.00124526 0.00124379 0.00124233 0.00124086 0.0012394 0.00123794 0.00123649 0.00123503 
0.15 -0.00283039 -0.00283384 -0.0028373 -0.00284076 -0.00284423 -0.00284771 -0.00285119 -0.00285467 -0.00285817 -0.00286167 -0.00286517 -0.00286869 -0.0028722 -0.00287573 -0.00287926 -0.0028828 -0.00288634 -0.00288989 -0.00289344 -0.00289701 -0.00290058 -0.00290415 -0.00290773 -0.00291132 -0.00294197 9.67004e-12 0.00294197 0.00291132 0.00290773 0.00290415 0.00290058 0.00289701 0.00289344 0.00288989 0.00288634 0.0028828 0.00287926 0.00287573 0.0028722 0.00286869 0.00286517 0.00286167 0.00285817 0.00285467 0.00285119 0.00284771 0.00284423 0.00284076 0.0028373 0.00283384 
0.2 -0.00517356 -0.00518019 -0.00518683 -0.00519349 -0.00520016 -0.00520684 -0.00521353 -0.00522024 -0.00522696 -0.0052337 -0.00524045 -0.00524721 -0.00525398 -0.00526077 -0.00526757 -0.00527438 -0.00528121 -0.00528805 -0.0052949 -0.00530177 -0.00530865 -0.00531555 -0.00532246 -0.00532939 -0.005605 5.91749e-12 0.005605 0.00532939 0.00532246 0.00531555 0.00530865 0.00530177 0.0052949 0.00528805 0.00528121 0.00527438 0.00526757 0.00526077 0.00525398 0.00524721 0.00524045 0.0052337 0.00522696 0.00522024 0.00521353 0.00520684 0.00520016 0.00519349 0.00518683 0.00518019 
0.25 -0.00838343 -0.00839489 -0.00840637 -0.00841788 -0.00842942 -0.00844098 -0.00845256 -0.00846417 -0.00847581 -0.00848747 -0.00849916 -0.00851087 -0.00852261 -0.00853438 -0.00854618 -0.008558 -0.00856984 -0.00858172 -0.00859363 -0.00860556 -0.00861753 -0.00862955 -0.00864165 -0.00865402 -0.0102547 5.34017e-12 0.0102547 0.00865402 0.00864165 0.00862955 0.00861753 0.00860556 0.00859363 0.00858172 0.00856984 0.008558 0.00854618 0.00853438 0.00852261 0.00851087 0.00849916 0.00848747 0.00847581 0.00846417 0.00845256 0.00844098 0.00842942 0.00841788 0.00840637 0.00839489 
0.3 -0.0126352 -0.0126539 -0.0126726 -0.0126914 -0.0127102 -0.0127291 -0.0127481 -0.012767 -0.0127861 -0.0128052 -0.0128243 -0.0128435 -0.0128627 -0.012882 -0.0129014 -0.0129208 -0.0129403 -0.0129599 -0.0129795 -0.0129993 -0.0130193 -0.0130397 -0.0130612 -0.0130871 -0.0198597 2.74225e-12 0.0198597 0.0130871 0.0130612 0.0130397 0.0130193 0.0129993 0.0129795 0.0129599 0.0129403 0.0129208 0.0129014 0.012882 0.0128627 0.0128435 0.0128243 0.0128052 0.0127861 0.012767 0.0127481 0.0127291 0.0127102 0.0126914 0.0126726 0.0126539 
0.35 -0.0181788 -0.0182084 -0.018238 -0.0182678 -0.0182977 -0.0183276 -0.0183577 -0.0183878 -0.0184181 -0.0184485 -0.018479 -0.0185096 -0.0185404 -0.0185714 -0.0186025 -0.0186339 -0.0186656 -0.0186977 -0.0187304 -0.0187642 -0.0187999 -0.0188398 -0.018891 -0.0189933 -0.0417885 -7.79377e-12 0.0417885 0.0189933 0.018891 0.0188398 0.0187999 0.0187642 0.0187304 0.0186977 0.0186656 0.0186339 0.0186025 0.0185714 0.0185404 0.0185096 0.018479 0.0184485 0.0184181 0.0183878 0.0183577 0.0183276 0.0182977 0.0182678 0.018238 0.0182084 
0.4 -0.0253708 -0.0254171 -0.0254636 -0.0255103 -0.0255573 -0.0256045 -0.0256519 -0.0256997 -0.0257478 -0.0257963 -0.0258452 -0.0258946 -0.0259446 -0.0259954 -0.0260472 -0.0261004 -0.0261555 -0.0262135 -0.0262762 -0.0263468 -0.0264326 -0.0265519 -0.0267647 -0.0273977 -0.0916716 -1.51545e-12 0.0916716 0.0273977 0.0267647 0.0265519 0.0264326 0.0263468 0.0262762 0.0262135 0.0261555 0.0261004 0.0260472 0.0259954 0.0259446 0.0258946 0.0258452 0.0257963 0.0257478 0.0256997 0.0256519 0.0256045 0.0255573 0.0255103 0.0254636 0.0254171 
0.45 -0.034729 -0.0348024 -0.0348764 -0.0349511 -0.0350266 -0.0351029 -0.0351802 -0.0352587 -0.0353384 -0.0354198 -0.0355032 -0.035589 -0.035678 -0.0357712 -0.0358701 -0.035977 -0.0360954 -0.0362315 -0.0363964 -0.0366112 -0.0369221 -0.0374459 -0.038565 -0.0423555 -0.198021 -4.32987e-13 0.198021 0.0423555 0.038565 0.0374459 0.0369221 0.0366112 0.0363964 0.0362315 0.0360954 0.035977 0.0358701 0.0357712 0.035678 0.035589 0.0355032 0.0354198 0.0353384 0.0352587 0.0351802 0.0351029 0.0350266 0.0349511 0.0348764 0.0348024 
0.5 -0.0470398 -0.0471623 -0.047287 -0.0474142 -0.0475444 -0.047678 -0.0478158 -0.0479583 -0.0481069 -0.0482628 -0.048428 -0.0486049 -0.0487974 -0.0490105 -0.0492521 -0.0495339 -0.0498749 -0.050307 -0.0508869 -0.0517252 -0.0530606 -0.0554985 -0.0610126 -0.0801977 -0.403852 5.77316e-13 0.403852 0.0801977 0.0610126 0.0554985 0.0530606 0.0517252 0.0508869 0.050307 0.0498749 0.0495339 0.0492521 0.0490105 0.0487974 0.0486049 0.048428 0.0482628 0.0481069 0.0479583 0.0478158 0.047678 0.0475444 0.0474142 0.047287 0.0471623 
0.55 -0.0635951 -0.0638212 -0.0640557 -0.0643001 -0.064556 -0.0648257 -0.0651118 -0.065418 -0.065749 -0.0661108 -0.0665117 -0.0669631 -0.067481 -0.0680881 -0.0688184 -0.0697238 -0.0708872 -0.0724478 -0.074654 -0.077987 -0.0834851 -0.093764 -0.11724 -0.197011 -0.753782 -6.27831e-12 0.753782 0.197011 0.11724 0.093764 0.0834851 0.077987 0.074654 0.0724478 0.0708872 0.0697238 0.0688184 0.0680881 0.067481 0.0669631 0.0665117 0.0661108 0.065749 0.065418 0.0651118 0.0648257 0.064556 0.0643001 0.0640557 0.0638212 
0.6 -0.0867333 -0.0872111 -0.0877189 -0.0882622 -0.0888476 -0.0894832 -0.0901797 -0.0909504 -0.0918132 -0.0927912 -0.0939159 -0.0952303 -0.0967947 -0.0986956 -0.101061 -0.104087 -0.108086 -0.113578 -0.121492 -0.13361 -0.153735 -0.19124 -0.274877 -0.529667 -1.24278 -2.2371e-12 1.24278 0.529667 0.274877 0.19124 0.153735 0.13361 0.121492 0.113578 0.108086 0.104087 0.101061 0.0986956 0.0967947 0.0952303 0.0939159 0.0927912 0.0918132 0.0909504 0.0901797 0.0894832 0.0888476 0.0882622 0.0877189 0.0872111 
0.65 -0.12104 -0.122168 -0.123394 -0.124736 -0.126217 -0.127863 -0.12971 -0.131803 -0.1342 -0.13698 -0.140245 -0.144139 -0.148861 -0.154694 -0.162058 -0.17159 -0.184296 -0.201841 -0.227137 -0.265653 -0.32861 -0.441803 -0.673076 -1.20466 -1.71813 -8.65974e-12 1.71813 1.20466 0.673076 0.441803 0.32861 0.265653 0.227137 0.201841 0.184296 0.17159 0.162058 0.154694 0.148861 0.144139 0.140245 0.13698 0.1342 0.131803 0.12971 0.127863 0.126217 0.124736 0.123394 0.122168 
0.7 -0.175752 -0.178535 -0.181607 -0.185021 -0.188842 -0.19315 -0.198048 -0.203669 -0.210182 -0.217811 -0.226857 -0.237724 -0.250976 -0.26741 -0.288181 -0.315018 -0.350583 -0.39914 -0.467808 -0.569033 -0.725543 -0.979492 -1.39845 -1.96713 -1.88088 -7.36078e-12 1.88088 1.96713 1.39845 0.979492 0.725543 0.569033 0.467808 0.39914 0.350583 0.315018 0.288181 0.26741 0.250976 0.237724 0.226857 0.217811 0.210182 0.203669 0.198048 0.19315 0.188842 0.185021 0.181607 0.178535 
0.75 -0.268733 -0.275444 -0.282911 -0.291266 -0.300677 -0.311347 -0.323535 -0.337566 -0.353861 -0.372961 -0.395579 -0.422665 -0.455502 -0.495854 -0.546184 -0.609989 -0.69231 -0.800494 -0.94522 -1.14145 -1.40729 -1.75214 -2.12482 -2.26785 -1.62283 -1.55875e-11 1.62283 2.26785 2.12482 1.75214 1.40729 1.14145 0.94522 0.800494 0.69231 0.609989 0.546184 0.495854 0.455502 0.422665 0.395579 0.372961 0.353861 0.337566 0.323535 0.311347 0.300677 0.291266 0.282911 0.275444 
0.8 -0.430498 -0.445455 -0.462106 -0.480732 -0.501679 -0.525363 -0.552299 -0.583123 -0.618624 -0.659794 -0.707877 -0.764448 -0.831503 -0.91156 -1.00777 -1.12398 -1.26462 -1.43414 -1.63522 -1.86432 -2.10155 -2.29118 -2.31582 -1.99626 -1.1916 -5.05151e-12 1.1916 1.99626 2.31582 2.29118 2.10155 1.86432 1.63522 1.43414 1.26462 1.12398 1.00777 0.91156 0.831503 0.764448 0.707877 0.659794 0.618624 0.583123 0.552299 0.525363 0.501679 0.480732 0.462106 0.445455 
0.85 -0.700274 -0.729378 -0.761521 -0.797135 -0.836723 -0.880871 -0.93026 -0.985674 -1.04802 -1.1183 -1.19766 -1.28727 -1.38831 -1.50171 -1.62789 -1.76605 -1.91319 -2.06235 -2.20007 -2.30301 -2.33479 -2.24572 -1.98084 -1.50125 -0.815375 -7.93809e-13 0.815375 1.50125 1.98084 2.24572 2.33479 2.30301 2.20007 2.06235 1.91319 1.76605 1.62789 1.50171 1.38831 1.28727 1.19766 1.1183 1.04802 0.985674 0.93026 0.880871 0.836723 0.797135 0.761521 0.729378 
0.9 -1.09615 -1.1421 -1.19185 -1.2457 -1.304 -1.36708 -1.43521 -1.50861 -1.58737 -1.67136 -1.76015 -1.85279 -1.94763 -2.042 -2.13181 -2.21112 -2.27161 -2.30222 -2.28907 -2.21602 -2.06637 -1.82595 -1.4875 -1.05535 -0.548515 -5.77316e-13 0.548515 1.05535 1.4875 1.82595 2.06637 2.21602 2.28907 2.30222 2.27161 2.21112 2.13181 2.042 1.94763 1.85279 1.76015 1.67136 1.58737 1.50861 1.43521 1.36708 1.304 1.2457 1.19185 1.1421 
0.95 -1.55494 -1.60839 -1.66407 -1.72179 -1.78129 -1.84212 -1.90367 -1.96511 -2.0253 -2.08275 -2.13554 -2.18123 -2.21682 -2.23867 -2.24251 -2.22349 -2.17633 -2.09563 -1.9763 -1.81418 -1.60679 -1.35406 -1.059 -0.72805 -0.370931 -8.65974e-13 0.370931 0.72805 1.059 1.35406 1.60679 1.81418 1.9763 2.09563 2.17633 2.22349 2.24251 2.23867 2.21682 2.18123 2.13554 2.08275 2.0253 1.96511 1.90367 1.84212 1.78129 1.72179 1.66407 1.60839 
1 -1.91438 -1.95414 -1.9926 -2.02916 -2.06307 -2.09348 -2.11938 -2.13962 -2.15288 -2.15769 -2.15244 -2.13538 -2.10468 -2.05846 -1.9949 -1.9123 -1.80919 -1.68452 -1.53772 -1.36891 -1.17893 -0.969503 -0.743188 -0.503364 -0.254108 2.09277e-12 0.254108 0.503364 0.743188 0.969503 1.17893 1.36891 1.53772 1.68452 1.80919 1.9123 1.9949 2.05846 2.10468 2.13538 2.15244 2.15769 2.15288 2.13962 2.11938 2.09348 2.06307 2.02916 1.9926 1.95414 
1.05 -2.02907 -2.03995 -2.047 -2.04966 -2.04734 -2.03939 -2.02516 -2.00396 -1.9751 -1.93787 -1.89162 -1.83571 -1.76958 -1.69277 -1.60493 -1.50587 -1.39555 -1.27415 -1.14208 -0.999962 -0.848665 -0.689291 -0.523158 -0.351774 -0.176798 -2.02061e-12 0.176798 0.351774 0.523158 0.689291 0.848665 0.999962 1.14208 1.27415 1.39555 1.50587 1.60493 1.69277 1.76958 1.83571 1.89162 1.93787 1.9751 2.00396 2.02516 2.03939 2.04734 2.04966 2.047 2.03995 
1.1 -1.89903 -1.88361 -1.86415 -1.84038 -1.81202 -1.77881 -1.7405 -1.69685 -1.64766 -1.59276 -1.53201 -1.4653 -1.39261 -1.31394 -1.22938 -1.13905 -1.04318 -0.942047 -0.836009 -0.725492 -0.610991 -0.493064 -0.372325 -0.249432 -0.125083 -7.93809e-13 0.125083 0.249432 0.372325 0.493064 0.610991 0.725492 0.836009 0.942047 1.04318 1.13905 1.22938 1.31394 1.39261 1.4653 1.53201 1.59276 1.64766 1.69685 1.7405 1.77881 1.81202 1.84038 1.86415 1.88361 
1.15 -1.63286 -1.60311 -1.57034 -1.53448 -1.49544 -1.45316 -1.4076 -1.35873 -1.30652 -1.25099 -1.19216 -1.13008 -1.06481 -0.996444 -0.925104 -0.850929 -0.774082 -0.694752 -0.61315 -0.529508 -0.444077 -0.357127 -0.268942 -0.179821 -0.0900688 -1.51545e-12 0.0900688 0.179821 0.268942 0.357127 0.444077 0.529508 0.61315 0.694752 0.774082 0.850929 0.925104 0.996444 1.06481 1.13008 1.19216 1.25099 1.30652 1.35873 1.4076 1.45316 1.49544 1.53448 1.57034 1.60311 
1.2 -1.33727 -1.3036 -1.26802 -1.2305 -1.19105 -1.14968 -1.10639 -1.06122 -1.01418 -0.965329 -0.914699 -0.86235 -0.808348 -0.752766 -0.695686 -0.637198 -0.577402 -0.516403 -0.454315 -0.391259 -0.327362 -0.262754 -0.197572 -0.131957 -0.0660515 -2.88658e-13 0.0660515 0.131957 0.197572 0.262754 0.327362 0.391259 0.454315 0.516403 0.577402 0.637198 0.695686 0.752766 0.808348 0.86235 0.914699 0.965329 1.01418 1.06122 1.10639 1.14968 1.19105 1.2305 1.26802 1.3036 
1.25 -1.07032 -1.03843 -1.0054 -0.971235 -0.935949 -0.899563 -0.8621 -0.823586 -0.78405 -0.743526 -0.702051 -0.659663 -0.616407 -0.572329 -0.527478 -0.481908 -0.435674 -0.388834 -0.341448 -0.293581 -0.245296 -0.196662 -0.147745 -0.0986151 -0.0493432 7.21645e-14 0.0493432 0.0986151 0.147745 0.196662 0.245296 0.293581 0.341448 0.388834 0.435674 0.481908 0.527478 0.572329 0.616407 0.659663 0.702051 0.743526 0.78405 0.823586 0.8621 0.899563 0.935949 0.971235 1.0054 1.03843 
1.3 -0.850744 -0.82281 -0.794205 -0.764941 -0.735034 -0.7045 -0.673359 -0.641628 -0.60933 -0.576487 -0.543123 -0.509263 -0.474934 -0.440163 -0.404979 -0.369413 -0.333495 -0.297259 -0.260737 -0.223962 -0.18697 -0.149796 -0.112476 -0.0750453 -0.0375411 -3.53606e-12 0.0375411 0.0750453 0.112476 0.149796 0.18697 0.223962 0.260737 0.297259 0.333495 0.369413 0.404979 0.440163 0.474934 0.509263 0.543123 0.576487 0.60933 0.641628 0.673359 0.7045 0.735034 0.764941 0.794205 0.82281 
1.35 -0.677748 -0.654123 -0.630102 -0.605695 -0.580913 -0.555769 -0.530274 -0.504443 -0.478288 -0.451823 -0.425065 -0.398028 -0.370729 -0.343183 -0.315408 -0.287421 -0.259241 -0.230884 -0.202371 -0.173719 -0.144949 -0.116079 -0.0871294 -0.0581197 -0.0290699 -3.4639e-12 0.0290699 0.0581197 0.0871294 0.116079 0.144949 0.173719 0.202371 0.230884 0.259241 0.287421 0.315408 0.343183 0.370729 0.398028 0.425065 0.451823 0.478288 0.504443 0.530274 0.555769 0.580913 0.605695 0.630102 0.654123 
1.4 -0.543826 -0.524125 -0.504186 -0.484016 -0.463623 -0.443015 -0.422199 -0.401185 -0.379981 -0.358596 -0.337039 -0.31532 -0.293448 -0.271434 -0.249287 -0.227018 -0.204638 -0.182157 -0.159586 -0.136936 -0.114217 -0.0914424 -0.0686217 -0.0457669 -0.0228891 2.09277e-12 0.0228891 0.0457669 0.0686217 0.0914424 0.114217 0.136936 0.159586 0.182157 0.204638 0.227018 0.249287 0.271434 0.293448 0.31532 0.337039 0.358596 0.379981 0.401185 0.422199 0.443015 0.463623 0.484016 0.504186 0.524125 
1.45 -0.440568 -0.424192 -0.40767 -0.391005 -0.374204 -0.357272 -0.340213 -0.323034 -0.305739 -0.288334 -0.270826 -0.25322 -0.235523 -0.21774 -0.199877 -0.181941 -0.163939 -0.145876 -0.12776 -0.109596 -0.0913925 -0.0731547 -0.0548898 -0.0366045 -0.0183056 -7.93809e-13 0.0183056 0.0366045 0.0548898 0.0731547 0.0913925 0.109596 0.12776 0.145876 0.163939 0.181941 0.199877 0.21774 0.235523 0.25322 0.270826 0.288334 0.305739 0.323034 0.340213 0.357272 0.374204 0.391005 0.40767 0.424192 
1.5 -0.360692 -0.347046 -0.333307 -0.319478 -0.305563 -0.291566 -0.277489 -0.263336 -0.249112 -0.234819 -0.220461 -0.206042 -0.191566 -0.177037 -0.162459 -0.147835 -0.13317 -0.118468 -0.103733 -0.0889679 -0.0741783 -0.0593677 -0.0445404 -0.0297006 -0.0148524 -2.70617e-12 0.0148524 0.0297006 0.0445404 0.0593677 0.0741783 0.0889679 0.103733 0.118468 0.13317 0.147835 0.162459 0.177037 0.191566 0.206042 0.220461 0.234819 0.249112 0.263336 0.277489 0.291566 0.305563 0.319478 0.333307 0.347046 
1.55 -0.298462 -0.287028 -0.275533 -0.26398 -0.252372 -0.24071 -0.228996 -0.217234 -0.205426 -0.193573 -0.181679 -0.169745 -0.157775 -0.145771 -0.133735 -0.121671 -0.109579 -0.0974641 -0.0853277 -0.0731727 -0.0610017 -0.0488174 -0.0366224 -0.0244194 -0.012211 3.96905e-13 0.012211 0.0244194 0.0366224 0.0488174 0.0610017 0.0731727 0.0853277 0.0974641 0.109579 0.121671 0.133735 0.145771 0.157775 0.169745 0.181679 0.193573 0.205426 0.217234 0.228996 0.24071 0.252372 0.26398 0.275533 0.287028 
1.6 -0.249538 -0.239891 -0.230204 -0.220478 -0.210714 -0.200916 -0.191083 -0.181218 -0.171322 -0.161397 -0.151444 -0.141465 -0.131463 -0.121437 -0.111391 -0.101326 -0.0912433 -0.0811448 -0.0710324 -0.0609078 -0.0507726 -0.0406286 -0.0304776 -0.0203213 -0.0101615 7.93809e-13 0.0101615 0.0203213 0.0304776 0.0406286 0.0507726 0.0609078 0.0710324 0.0811448 0.0912433 0.101326 0.111391 0.121437 0.131463 0.141465 0.151444 0.161397 0.171322 0.181218 0.191083 0.200916 0.210714 0.220478 0.230204 0.239891 
1.65 -0.210695 -0.202494 -0.194266 -0.186012 -0.177732 -0.169429 -0.161102 -0.152753 -0.144383 -0.135993 -0.127585 -0.119159 -0.110716 -0.102259 -0.0937871 -0.0853024 -0.0768059 -0.0682988 -0.0597822 -0.0512573 -0.0427253 -0.0341874 -0.0256447 -0.0170984 -0.00854981 -8.65974e-13 0.00854981 0.0170984 0.0256447 0.0341874 0.0427253 0.0512573 0.0597822 0.0682988 0.0768059 0.0853024 0.0937871 0.102259 0.110716 0.119159 0.127585 0.135993 0.144383 0.152753 0.161102 0.169429 0.177732 0.186012 0.194266 0.202494 
1.7 -0.179542 -0.172519 -0.165476 -0.158415 -0.151336 -0.14424 -0.137129 -0.130002 -0.12286 -0.115705 -0.108537 -0.101356 -0.0941644 -0.0869619 -0.0797496 -0.0725284 -0.0652989 -0.0580621 -0.0508187 -0.0435696 -0.0363155 -0.0290573 -0.0217959 -0.014532 -0.00726639 -9.74221e-13 0.00726639 0.014532 0.0217959 0.0290573 0.0363155 0.0435696 0.0508187 0.0580621 0.0652989 0.0725284 0.0797496 0.0869619 0.0941644 0.101356 0.108537 0.115705 0.12286 0.130002 0.137129 0.14424 0.151336 0.158415 0.165476 0.172519 
1.75 -0.154309 -0.148249 -0.142176 -0.136089 -0.12999 -0.123878 -0.117756 -0.111622 -0.105478 -0.0993245 -0.0931616 -0.08699 -0.0808103 -0.0746232 -0.0684291 -0.0622286 -0.0560223 -0.0498108 -0.0435946 -0.0373744 -0.0311506 -0.024924 -0.018695 -0.0124643 -0.00623246 -1.08247e-12 0.00623246 0.0124643 0.018695 0.024924 0.0311506 0.0373744 0.0435946 0.0498108 0.0560223 0.0622286 0.0684291 0.0746232 0.0808103 0.08699 0.0931616 0.0993245 0.105478 0.111622 0.117756 0.123878 0.12999 0.136089 0.142176 0.148249 
1.8 -0.133676 -0.12841 -0.123135 -0.11785 -0.112555 -0.107253 -0.101942 -0.0966226 -0.0912961 -0.0859626 -0.0806223 -0.0752759 -0.0699235 -0.0645658 -0.059203 -0.0538356 -0.048464 -0.0430886 -0.0377099 -0.0323283 -0.0269441 -0.0215578 -0.0161698 -0.0107806 -0.0053905 1.98452e-12 0.0053905 0.0107806 0.0161698 0.0215578 0.0269441 0.0323283 0.0377099 0.0430886 0.048464 0.0538356 0.059203 0.0645658 0.0699235 0.0752759 0.0806223 0.0859626 0.0912961 0.0966226 0.101942 0.107253 0.112555 0.11785 0.123135 0.12841 
1.85 -0.11665 -0.112044 -0.10743 -0.10281 -0.0981831 -0.0935496 -0.0889101 -0.0842648 -0.0796139 -0.0749579 -0.0702969 -0.0656313 -0.0609614 -0.0562875 -0.0516099 -0.0469289 -0.0422448 -0.037558 -0.0328686 -0.0281771 -0.0234838 -0.0187889 -0.0140927 -0.00939568 -0.00469799 1.44329e-12 0.00469799 0.00939568 0.0140927 0.0187889 0.0234838 0.0281771 0.0328686 0.037558 0.0422448 0.0469289 0.0516099 0.0562875 0.0609614 0.0656313 0.0702969 0.0749579 0.0796139 0.0842648 0.0889101 0.0935496 0.0981831 0.10281 0.10743 0.112044 
1.9 -0.10248 -0.0984253 -0.0943656 -0.0903006 -0.0862306 -0.0821558 -0.0780765 -0.0739927 -0.0699049 -0.0658131 -0.0617177 -0.0576188 -0.0535166 -0.0494115 -0.0453036 -0.0411932 -0.0370805 -0.0329657 -0.028849 -0.0247307 -0.0206111 -0.0164902 -0.0123685 -0.00824605 -0.00412314 1.08247e-13 0.00412314 0.00824605 0.0123685 0.0164902 0.0206111 0.0247307 0.028849 0.0329657 0.0370805 0.0411932 0.0453036 0.0494115 0.0535166 0.0576188 0.0617177 0.0658131 0.0699049 0.0739927 0.0780765 0.0821558 0.0862306 0.0903006 0.0943656 0.0984253 
1.95 -0.0905913 -0.0870018 -0.0834082 -0.0798105 -0.0762091 -0.0726039 -0.0689953 -0.0653834 -0.0617684 -0.0581503 -0.0545295 -0.0509061 -0.0472802 -0.043652 -0.0400218 -0.0363896 -0.0327556 -0.0291201 -0.0254831 -0.021845 -0.0182058 -0.0145657 -0.0109249 -0.00728353 -0.00364185 -3.60822e-14 0.00364185 0.00728353 0.0109249 0.0145657 0.0182058 0.021845 0.0254831 0.0291201 0.0327556 0.0363896 0.0400218 0.043652 0.0472802 0.0509061 0.0545295 0.0581503 0.0617684 0.0653834 0.0689953 0.0726039 0.0762091 0.0798105 0.0834082 0.0870018 
2 -0.0805423 -0.0773469 -0.0741483 -0.0709467 -0.0677421 -0.0645346 -0.0613245 -0.0581119 -0.0548968 -0.0516794 -0.0484599 -0.0452384 -0.042015 -0.0387898 -0.035563 -0.0323348 -0.0291051 -0.0258743 -0.0226424 -0.0194095 -0.0161758 -0.0129415 -0.00970658 -0.00647128 -0.00323571 -9.38138e-13 0.00323571 0.00647128 0.00970658 0.0129415 0.0161758 0.0194095 0.0226424 0.0258743 0.0291051 0.0323348 0.035563 0.0387898 0.042015 0.0452384 0.0484599 0.0516794 0.0548968 0.0581119 0.0613245 0.0645346 0.0677421 0.0709467 0.0741483 0.0773469 
