0.05 -0.000304829 -0.00030518 -0.000305532 -0.000305884 -0.000306237 -0.00030659 -0.000306944 -0.000307298 -0.000307653 -0.000308009 -0.000308365 -0.000308721 -0.000309078 -0.000309436 -0.000309795 -0.000310153 -0.000310513 -0.000310873 -0.000311233 -0.000311594 -0.000311956 -0.000312318 -0.000312681 -0.000313045 -0.000343528 -7.93809e-13 0.000343528 0.000313045 0.000312681 0.000312318 0.000311956 0.000311594 0.000311233 0.000310873 0.000310513 0.000310153 0.000309794 0.000309436 0.000309078 0.000308721 0.000308365 0.000308009 0.000307653 0.000307298 0.000306944 0.00030659 0.000306237 0.000305884 0.000305532 0.00030518 
0.1 -0.00123351 -0.00123496 -0.00123642 -0.00123787 -0.00123933 -0.00124079 -0.00124226 -0.00124372 -0.00124519 -0.00124666 -0.00124813 -0.00124961 -0.00125109 -0.00125257 -0.00125405 -0.00125554 -0.00125703 -0.00125852 -0.00126002 -0.00126153 -0.00126304 -0.00126458 -0.00126616 -0.00126795 -0.00222945 1.51545e-12 0.00222945 0.00126795 0.00126616 0.00126458 0.00126304 0.00126153 0.00126002 0.00125852 0.00125703 0.00125554 0.00125405 0.00125257 0.00125109 0.00124961 0.00124813 0.00124666 0.00124519 0.00124372 0.00124226 0.00124079 0.00123933 0.00123787 0.00123642 0.00123496 
0.15 -0.00282968 -0.00283314 -0.0028366 -0.00284008 -0.00284356 -0.00284705 -0.00285054 -0.00285405 -0.00285757 -0.0028611 -0.00286464 -0.0028682 -0.00287178 -0.00287538 -0.00287901 -0.00288268 -0.00288641 -0.00289021 -0.00289415 -0.00289831 -0.0029029 -0.00290841 -0.00291654 -0.00293636 -0.0101514 -7.21645e-13 0.0101514 0.00293636 0.00291654 0.00290841 0.0029029 0.00289831 0.00289415 0.00289021 0.00288641 0.00288268 0.00287901 0.00287538 0.00287178 0.0028682 0.00286464 0.0028611 0.00285757 0.00285405 0.00285054 0.00284705 0.00284356 0.00284008 0.0028366 0.00283314 
0.2 -0.00517083 -0.00517762 -0.00518444 -0.00519131 -0.00519823 -0.00520521 -0.00521225 -0.00521936 -0.00522657 -0.00523389 -0.00524135 -0.00524899 -0.00525686 -0.00526504 -0.00527365 -0.00528285 -0.00529293 -0.00530436 -0.00531797 -0.00533539 -0.00536016 -0.00540122 -0.0054879 -0.00577968 -0.035335 -6.4948e-13 0.035335 0.00577968 0.0054879 0.00540122 0.00536016 0.00533539 0.00531797 0.00530436 0.00529293 0.00528285 0.00527365 0.00526504 0.00525686 0.00524899 0.00524135 0.00523389 0.00522657 0.00521936 0.00521225 0.00520521 0.00519823 0.00519131 0.00518444 0.00517762 
0.25 -0.00838339 -0.00839645 -0.00840976 -0.00842337 -0.00843732 -0.0084517 -0.00846657 -0.00848205 -0.00849829 -0.00851546 -0.00853384 -0.00855376 -0.00857571 -0.00860041 -0.00862889 -0.00866276 -0.00870457 -0.00875863 -0.00883262 -0.00894147 -0.00911751 -0.00944277 -0.0101854 -0.0127988 -0.0971748 -1.58762e-12 0.0971748 0.0127988 0.0101854 0.00944277 0.00911751 0.00894147 0.00883262 0.00875863 0.00870457 0.00866276 0.00862889 0.00860041 0.00857571 0.00855376 0.00853384 0.00851546 0.00849829 0.00848205 0.00846657 0.0084517 0.00843732 0.00842337 0.00840976 0.00839645 
0.3 -0.0126914 -0.0127201 -0.0127502 -0.012782 -0.0128159 -0.0128521 -0.0128913 -0.0129341 -0.0129814 -0.0130343 -0.0130943 -0.0131636 -0.0132452 -0.0133432 -0.0134642 -0.0136177 -0.0138192 -0.0140949 -0.0144913 -0.0150987 -0.0161125 -0.0180267 -0.0224473 -0.0378873 -0.219183 0 0.219183 0.0378873 0.0224473 0.0180267 0.0161125 0.0150987 0.0144913 0.0140949 0.0138192 0.0136177 0.0134642 0.0133432 0.0132452 0.0131636 0.0130943 0.0130343 0.0129814 0.0129341 0.0128913 0.0128521 0.0128159 0.012782 0.0127502 0.0127201 
0.35 -0.0185491 -0.0186249 -0.0187071 -0.0187969 -0.0188957 -0.0190054 -0.0191284 -0.0192677 -0.0194272 -0.0196121 -0.0198295 -0.0200889 -0.0204039 -0.020794 -0.0212878 -0.0219293 -0.0227889 -0.0239841 -0.025725 -0.028417 -0.0329316 -0.0414484 -0.0608668 -0.124557 -0.411994 -1.58762e-12 0.411994 0.124557 0.0608668 0.0414484 0.0329316 0.028417 0.025725 0.0239841 0.0227889 0.0219293 0.0212878 0.020794 0.0204039 0.0200889 0.0198295 0.0196121 0.0194272 0.0192677 0.0191284 0.0190054 0.0188957 0.0187969 0.0187071 0.0186249 
0.4 -0.0269476 -0.0271651 -0.0274062 -0.027675 -0.027977 -0.028319 -0.0287095 -0.0291597 -0.029684 -0.0303014 -0.0310377 -0.031928 -0.0330216 -0.034389 -0.0361345 -0.0384174 -0.0414901 -0.0457736 -0.0520118 -0.0616222 -0.0775843 -0.107056 -0.170759 -0.343624 -0.638146 -2.95874e-12 0.638146 0.343624 0.170759 0.107056 0.0775843 0.0616222 0.0520118 0.0457736 0.0414901 0.0384174 0.0361345 0.034389 0.0330216 0.031928 0.0310377 0.0303014 0.029684 0.0291597 0.0287095 0.028319 0.027977 0.027675 0.0274062 0.0271651 
0.45 -0.0400156 -0.0406244 -0.0413059 -0.0420735 -0.0429439 -0.0439379 -0.0450822 -0.0464108 -0.0479677 -0.0498115 -0.0520201 -0.0547002 -0.0580005 -0.0621326 -0.0674066 -0.0742908 -0.0835189 -0.0962896 -0.114666 -0.142422 -0.186982 -0.264162 -0.409163 -0.675783 -0.790158 -1.94844e-12 0.790158 0.675783 0.409163 0.264162 0.186982 0.142422 0.114666 0.0962896 0.0835189 0.0742908 0.0674066 0.0621326 0.0580005 0.0547002 0.0520201 0.0498115 0.0479677 0.0464108 0.0450822 0.0439379 0.0429439 0.0420735 0.0413059 0.0406244 
0.5 -0.0620152 -0.0635886 -0.0653571 -0.0673564 -0.0696305 -0.0722344 -0.0752375 -0.0787283 -0.0828213 -0.0876661 -0.0934616 -0.100476 -0.109079 -0.119787 -0.133341 -0.150831 -0.173901 -0.205107 -0.248537 -0.310884 -0.403087 -0.541393 -0.737646 -0.926559 -0.7738 -2.09277e-12 0.7738 0.926559 0.737646 0.541393 0.403087 0.310884 0.248537 0.205107 0.173901 0.150831 0.133341 0.119787 0.109079 0.100476 0.0934616 0.0876661 0.0828213 0.0787283 0.0752375 0.0722344 0.0696305 0.0673564 0.0653571 0.0635886 
0.55 -0.100602 -0.104279 -0.108412 -0.11308 -0.118383 -0.124442 -0.13141 -0.139478 -0.14889 -0.159959 -0.173093 -0.188825 -0.207869 -0.231181 -0.260063 -0.296302 -0.34235 -0.401539 -0.478207 -0.577289 -0.701939 -0.845008 -0.965651 -0.950244 -0.631138 3.60822e-13 0.631138 0.950244 0.965651 0.845008 0.701939 0.577289 0.478207 0.401539 0.34235 0.296302 0.260063 0.231181 0.207869 0.188825 0.173093 0.159959 0.14889 0.139478 0.13141 0.124442 0.118383 0.11308 0.108412 0.104279 
0.6 -0.167486 -0.175134 -0.18369 -0.193304 -0.204153 -0.216454 -0.23047 -0.246524 -0.265009 -0.286414 -0.311338 -0.340522 -0.374874 -0.415497 -0.463685 -0.520886 -0.58851 -0.667467 -0.757077 -0.852791 -0.941937 -0.997283 -0.971755 -0.80627 -0.467147 1.44329e-13 0.467147 0.80627 0.971755 0.997283 0.941937 0.852791 0.757077 0.667467 0.58851 0.520886 0.463685 0.415497 0.374874 0.340522 0.311338 0.286414 0.265009 0.246524 0.23047 0.216454 0.204153 0.193304 0.18369 0.175134 
0.65 -0.276068 -0.289891 -0.305191 -0.322173 -0.34107 -0.362154 -0.385733 -0.412161 -0.441833 -0.475184 -0.512675 -0.554766 -0.60186 -0.654202 -0.711698 -0.773623 -0.838135 -0.901549 -0.957338 -0.994966 -0.999063 -0.950059 -0.828011 -0.62079 -0.334617 1.94844e-12 0.334617 0.62079 0.828011 0.950059 0.999063 0.994966 0.957338 0.901549 0.838135 0.773623 0.711698 0.654202 0.60186 0.554766 0.512675 0.475184 0.441833 0.412161 0.385733 0.362154 0.34107 0.322173 0.305191 0.289891 
0.7 -0.432505 -0.453411 -0.476105 -0.500742 -0.527482 -0.556481 -0.587877 -0.621777 -0.65823 -0.69719 -0.738464 -0.781636 -0.825966 -0.870251 -0.912656 -0.950503 -0.980063 -0.996387 -0.993284 -0.963592 -0.899945 -0.796138 -0.649057 -0.460702 -0.239504 1.80411e-12 0.239504 0.460702 0.649057 0.796138 0.899945 0.963592 0.993284 0.996387 0.980063 0.950503 0.912656 0.870251 0.825966 0.781636 0.738464 0.69719 0.65823 0.621777 0.587877 0.556481 0.527482 0.500742 0.476105 0.453411 
0.75 -0.621018 -0.646142 -0.672555 -0.700219 -0.729052 -0.758913 -0.78958 -0.820728 -0.851901 -0.882476 -0.911619 -0.93825 -0.960995 -0.978146 -0.987647 -0.9871 -0.973824 -0.944987 -0.897823 -0.829947 -0.739758 -0.626871 -0.492512 -0.339748 -0.17346 -8.65974e-13 0.17346 0.339748 0.492512 0.626871 0.739758 0.829947 0.897823 0.944987 0.973824 0.9871 0.987647 0.978146 0.960995 0.93825 0.911619 0.882476 0.851901 0.820728 0.78958 0.758913 0.729052 0.700219 0.672555 0.646142 
0.8 -0.797859 -0.820196 -0.842493 -0.864499 -0.885904 -0.906327 -0.92531 -0.942303 -0.956659 -0.967627 -0.974347 -0.975858 -0.971107 -0.95897 -0.938294 -0.907945 -0.86688 -0.814229 -0.749397 -0.672161 -0.582762 -0.481982 -0.371173 -0.252246 -0.127601 -5.77316e-13 0.127601 0.252246 0.371173 0.481982 0.582762 0.672161 0.749397 0.814229 0.86688 0.907945 0.938294 0.95897 0.971107 0.975858 0.974347 0.967627 0.956659 0.942303 0.92531 0.906327 0.885904 0.864499 0.842493 0.820196 
0.85 -0.911959 -0.924456 -0.935562 -0.944975 -0.952355 -0.957328 -0.959486 -0.95839 -0.953572 -0.944547 -0.930817 -0.911887 -0.88728 -0.856559 -0.819343 -0.775339 -0.72436 -0.666355 -0.601432 -0.529872 -0.452145 -0.368911 -0.28101 -0.189449 -0.0953669 2.88658e-13 0.0953669 0.189449 0.28101 0.368911 0.452145 0.529872 0.601432 0.666355 0.72436 0.775339 0.819343 0.856559 0.88728 0.911887 0.930817 0.944547 0.953572 0.95839 0.959486 0.957328 0.952355 0.944975 0.935562 0.924456 
0.9 -0.93888 -0.939113 -0.937342 -0.933354 -0.926926 -0.917834 -0.90585 -0.89075 -0.87232 -0.850357 -0.824677 -0.795123 -0.761571 -0.723934 -0.682176 -0.63631 -0.586412 -0.532618 -0.475133 -0.414229 -0.350244 -0.28358 -0.214697 -0.144103 -0.0723459 1.58762e-12 0.0723459 0.144103 0.214697 0.28358 0.350244 0.414229 0.475133 0.532618 0.586412 0.63631 0.682176 0.723934 0.761571 0.795123 0.824677 0.850357 0.87232 0.89075 0.90585 0.917834 0.926926 0.933354 0.937342 0.939113 
0.95 -0.890972 -0.88133 -0.8698 -0.856279 -0.840666 -0.82287 -0.802804 -0.780395 -0.755579 -0.728308 -0.698552 -0.666296 -0.631548 -0.594339 -0.554721 -0.512772 -0.468598 -0.422327 -0.374114 -0.32414 -0.272607 -0.21974 -0.165781 -0.11099 -0.0556366 -2.02061e-12 0.0556366 0.11099 0.165781 0.21974 0.272607 0.32414 0.374114 0.422327 0.468598 0.512772 0.554721 0.594339 0.631548 0.666296 0.698552 0.728308 0.755579 0.780395 0.802804 0.82287 0.840666 0.856279 0.8698 0.88133 
1 -0.798946 -0.783628 -0.766861 -0.748611 -0.728848 -0.707551 -0.684702 -0.660294 -0.634325 -0.606805 -0.57775 -0.547187 -0.515153 -0.481697 -0.446875 -0.410756 -0.373419 -0.334952 -0.295453 -0.25503 -0.213797 -0.171879 -0.129403 -0.0865058 -0.0433242 -2.88658e-13 0.0433242 0.0865058 0.129403 0.171879 0.213797 0.25503 0.295453 0.334952 0.373419 0.410756 0.446875 0.481697 0.515153 0.547187 0.57775 0.606805 0.634325 0.660294 0.684702 0.707551 0.728848 0.748611 0.766861 0.783628 
1.05 -0.691232 -0.673839 -0.655447 -0.636054 -0.615659 -0.594267 -0.571884 -0.548523 -0.5242 -0.498936 -0.472755 -0.445686 -0.417764 -0.389027 -0.359518 -0.329283 -0.298374 -0.266846 -0.234757 -0.20217 -0.16915 -0.135765 -0.102084 -0.0681806 -0.0341278 -8.65974e-13 0.0341278 0.0681806 0.102084 0.135765 0.16915 0.20217 0.234757 0.266846 0.298374 0.329283 0.359518 0.389027 0.417764 0.445686 0.472755 0.498936 0.5242 0.548523 0.571884 0.594267 0.615659 0.636054 0.655447 0.673839 
1.1 -0.585876 -0.568677 -0.550826 -0.53233 -0.513198 -0.49344 -0.473067 -0.452095 -0.430541 -0.408421 -0.385757 -0.362572 -0.338889 -0.314736 -0.29014 -0.265131 -0.239741 -0.214004 -0.187954 -0.161627 -0.13506 -0.108292 -0.0813617 -0.0543093 -0.0271752 -1.44329e-12 0.0271752 0.0543093 0.0813617 0.108292 0.13506 0.161627 0.187954 0.214004 0.239741 0.265131 0.29014 0.314736 0.338889 0.362572 0.385757 0.408421 0.430541 0.452095 0.473067 0.49344 0.513198 0.53233 0.550826 0.568677 
1.15 -0.491515 -0.475653 -0.459376 -0.44269 -0.425606 -0.408133 -0.390282 -0.372063 -0.353491 -0.334579 -0.315341 -0.295792 -0.27595 -0.255831 -0.235452 -0.214834 -0.193995 -0.172956 -0.151736 -0.130358 -0.108843 -0.087213 -0.0654908 -0.0436993 -0.0218613 3.60822e-13 0.0218613 0.0436993 0.0654908 0.087213 0.108843 0.130358 0.151736 0.172956 0.193995 0.214834 0.235452 0.255831 0.27595 0.295792 0.315341 0.334579 0.353491 0.372063 0.390282 0.408133 0.425606 0.44269 0.459376 0.475653 
1.2 -0.410873 -0.396778 -0.382419 -0.367803 -0.352937 -0.337828 -0.322484 -0.306913 -0.291126 -0.27513 -0.258936 -0.242554 -0.225995 -0.209269 -0.192388 -0.175364 -0.158209 -0.140934 -0.123553 -0.106079 -0.088523 -0.0708999 -0.0532226 -0.0355044 -0.017759 9.38138e-13 0.017759 0.0355044 0.0532226 0.0708999 0.088523 0.106079 0.123553 0.140934 0.158209 0.175364 0.192388 0.209269 0.225995 0.242554 0.258936 0.27513 0.291126 0.306913 0.322484 0.337828 0.352937 0.367803 0.382419 0.396778 
1.25 -0.343663 -0.331383 -0.318933 -0.30632 -0.293547 -0.280622 -0.267548 -0.254333 -0.240982 -0.227501 -0.213897 -0.200177 -0.186347 -0.172415 -0.158388 -0.144273 -0.130078 -0.115809 -0.101476 -0.0870865 -0.0726474 -0.0581673 -0.0436544 -0.0291167 -0.0145625 8.65974e-13 0.0145625 0.0291167 0.0436544 0.0581673 0.0726474 0.0870865 0.101476 0.115809 0.130078 0.144273 0.158388 0.172415 0.186347 0.200177 0.213897 0.227501 0.240982 0.254333 0.267548 0.280622 0.293547 0.30632 0.318933 0.331383 
1.3 -0.288357 -0.277759 -0.267051 -0.256238 -0.245322 -0.234307 -0.223198 -0.211998 -0.200712 -0.189343 -0.177896 -0.166376 -0.154786 -0.143132 -0.131418 -0.119649 -0.107829 -0.0959635 -0.0840575 -0.0721159 -0.0601436 -0.0481457 -0.0361273 -0.0240934 -0.0120493 6.4948e-13 0.0120493 0.0240934 0.0361273 0.0481457 0.0601436 0.0721159 0.0840575 0.0959635 0.107829 0.119649 0.131418 0.143132 0.154786 0.166376 0.177896 0.189343 0.200712 0.211998 0.223198 0.234307 0.245322 0.256238 0.267051 0.277759 
1.35 -0.243089 -0.233975 -0.224789 -0.215534 -0.206212 -0.196825 -0.187376 -0.177868 -0.168304 -0.158687 -0.149018 -0.139302 -0.129542 -0.11974 -0.109899 -0.100022 -0.0901129 -0.0801746 -0.0702102 -0.0602229 -0.0502159 -0.0401924 -0.0301559 -0.0201094 -0.0100564 3.60822e-13 0.0100564 0.0201094 0.0301559 0.0401924 0.0502159 0.0602229 0.0702102 0.0801746 0.0901129 0.100022 0.109899 0.11974 0.129542 0.139302 0.149018 0.158687 0.168304 0.177868 0.187376 0.196825 0.206212 0.215534 0.224789 0.233975 
1.4 -0.206068 -0.198231 -0.190346 -0.182414 -0.174437 -0.166417 -0.158356 -0.150256 -0.142118 -0.133945 -0.125738 -0.1175 -0.109232 -0.100936 -0.0926154 -0.084271 -0.0759052 -0.0675201 -0.0591179 -0.0507005 -0.0422702 -0.0338292 -0.0253794 -0.0169232 -0.0084627 7.21645e-13 0.0084627 0.0169232 0.0253794 0.0338292 0.0422702 0.0507005 0.0591179 0.0675201 0.0759052 0.084271 0.0926154 0.100936 0.109232 0.1175 0.125738 0.133945 0.142118 0.150256 0.158356 0.166417 0.174437 0.182414 0.190346 0.198231 
1.45 -0.175735 -0.16898 -0.162193 -0.155374 -0.148525 -0.141646 -0.13474 -0.127806 -0.120848 -0.113865 -0.10686 -0.0998329 -0.0927862 -0.0857209 -0.0786383 -0.07154 -0.0644273 -0.0573015 -0.0501642 -0.0430168 -0.0358606 -0.0286972 -0.021528 -0.0143544 -0.00717794 2.88658e-13 0.00717794 0.0143544 0.021528 0.0286972 0.0358606 0.0430168 0.0501642 0.0573015 0.0644273 0.07154 0.0786383 0.0857209 0.0927862 0.0998329 0.10686 0.113865 0.120848 0.127806 0.13474 0.141646 0.148525 0.155374 0.162193 0.16898 
1.5 -0.150791 -0.144949 -0.139085 -0.133199 -0.127291 -0.121364 -0.115417 -0.109451 -0.103468 -0.0974685 -0.0914533 -0.0854233 -0.0793796 -0.0733231 -0.0672547 -0.0611754 -0.0550862 -0.0489881 -0.042882 -0.036769 -0.03065 -0.024526 -0.018398 -0.012267 -0.00613399 2.88658e-13 0.00613399 0.012267 0.018398 0.024526 0.03065 0.036769 0.042882 0.0489881 0.0550862 0.0611754 0.0672547 0.0733231 0.0793796 0.0854233 0.0914533 0.0974685 0.103468 0.109451 0.115417 0.121364 0.127291 0.133199 0.139085 0.144949 
1.55 -0.130182 -0.125109 -0.120019 -0.114914 -0.109794 -0.10466 -0.0995123 -0.0943514 -0.0891783 -0.0839934 -0.0787975 -0.0735913 -0.0683755 -0.0631506 -0.0579174 -0.0526766 -0.0474288 -0.0421747 -0.0369151 -0.0316506 -0.0263819 -0.0211097 -0.0158347 -0.0105577 -0.00527918 -5.77316e-13 0.00527918 0.0105577 0.0158347 0.0211097 0.0263819 0.0316506 0.0369151 0.0421747 0.0474288 0.0526766 0.0579174 0.0631506 0.0683755 0.0735913 0.0787975 0.0839934 0.0891783 0.0943514 0.0995123 0.10466 0.109794 0.114914 0.120019 0.125109 
1.6 -0.113066 -0.10864 -0.104201 -0.0997519 -0.0952917 -0.0908213 -0.0863411 -0.0818516 -0.0773533 -0.0728467 -0.0683321 -0.0638102 -0.0592814 -0.0547461 -0.0502049 -0.0456582 -0.0411066 -0.0365504 -0.0319904 -0.0274268 -0.0228602 -0.0182912 -0.0137201 -0.00914758 -0.00457404 5.05151e-13 0.00457404 0.00914758 0.0137201 0.0182912 0.0228602 0.0274268 0.0319904 0.0365504 0.0411066 0.0456582 0.0502049 0.0547461 0.0592814 0.0638102 0.0683321 0.0728467 0.0773533 0.0818516 0.0863411 0.0908213 0.0952917 0.0997519 0.104201 0.10864 
1.65 -0.0987716 -0.0948906 -0.0910011 -0.0871034 -0.083198 -0.0792851 -0.0753651 -0.0714383 -0.0675052 -0.0635659 -0.0596209 -0.0556705 -0.0517151 -0.0477551 -0.0437907 -0.0398224 -0.0358504 -0.0318752 -0.0278972 -0.0239166 -0.0199338 -0.0159492 -0.0119632 -0.00797604 -0.0039882 6.4948e-13 0.0039882 0.00797604 0.0119632 0.0159492 0.0199338 0.0239166 0.0278972 0.0318752 0.0358504 0.0398224 0.0437907 0.0477551 0.0517151 0.0556705 0.0596209 0.0635659 0.0675052 0.0714383 0.0753651 0.0792851 0.083198 0.0871034 0.0910011 0.0948906 
1.7 -0.0867646 -0.0833456 -0.0799203 -0.0764891 -0.073052 -0.0696095 -0.0661617 -0.0627088 -0.0592513 -0.0557893 -0.052323 -0.0488528 -0.0453788 -0.0419014 -0.0384209 -0.0349374 -0.0314512 -0.0279627 -0.024472 -0.0209795 -0.0174853 -0.0139899 -0.0104933 -0.006996 -0.00349813 -1.44329e-13 0.00349813 0.006996 0.0104933 0.0139899 0.0174853 0.0209795 0.024472 0.0279627 0.0314512 0.0349374 0.0384209 0.0419014 0.0453788 0.0488528 0.052323 0.0557893 0.0592513 0.0627088 0.0661617 0.0696095 0.073052 0.0764891 0.0799203 0.0833456 
1.75 -0.0766216 -0.0735954 -0.0705644 -0.067529 -0.0644893 -0.0614454 -0.0583976 -0.055346 -0.0522909 -0.0492324 -0.0461708 -0.0431062 -0.0400388 -0.0369688 -0.0338965 -0.0308219 -0.0277454 -0.0246671 -0.0215872 -0.0185059 -0.0154234 -0.0123399 -0.00925565 -0.00617076 -0.00308548 5.05151e-13 0.00308548 0.00617076 0.00925565 0.0123399 0.0154234 0.0185059 0.0215872 0.0246671 0.0277454 0.0308219 0.0338965 0.0369688 0.0400388 0.0431062 0.0461708 0.0492324 0.0522909 0.055346 0.0583976 0.0614454 0.0644893 0.067529 0.0705644 0.0735954 
1.8 -0.0680049 -0.065314 -0.0626196 -0.0599217 -0.0572206 -0.0545163 -0.051809 -0.0490989 -0.0463861 -0.0436708 -0.040953 -0.038233 -0.0355109 -0.0327868 -0.0300609 -0.0273334 -0.0246044 -0.021874 -0.0191424 -0.0164097 -0.0136761 -0.0109418 -0.00820689 -0.00547151 -0.00273583 2.88658e-13 0.00273583 0.00547151 0.00820689 0.0109418 0.0136761 0.0164097 0.0191424 0.021874 0.0246044 0.0273334 0.0300609 0.0327868 0.0355109 0.038233 0.040953 0.0436708 0.0463861 0.0490989 0.051809 0.0545163 0.0572206 0.0599217 0.0626196 0.065314 
1.85 -0.0606446 -0.0582414 -0.0558354 -0.0534268 -0.0510156 -0.0486021 -0.0461862 -0.0437682 -0.0413481 -0.038926 -0.0365021 -0.0340764 -0.0316492 -0.0292204 -0.0267902 -0.0243588 -0.0219262 -0.0194926 -0.0170581 -0.0146227 -0.0121866 -0.00975001 -0.00731292 -0.00487547 -0.00243779 -5.05151e-13 0.00243779 0.00487547 0.00731292 0.00975001 0.0121866 0.0146227 0.0170581 0.0194926 0.0219262 0.0243588 0.0267902 0.0292204 0.0316492 0.0340764 0.0365021 0.038926 0.0413481 0.0437682 0.0461862 0.0486021 0.0510156 0.0534268 0.0558354 0.0582414 
1.9 -0.0543243 -0.0521688 -0.0500112 -0.0478516 -0.04569 -0.0435265 -0.0413613 -0.0391943 -0.0370257 -0.0348556 -0.0326841 -0.0305113 -0.0283371 -0.0261618 -0.0239855 -0.0218081 -0.0196299 -0.0174508 -0.015271 -0.0130906 -0.0109097 -0.00872829 -0.00654653 -0.0043645 -0.0021823 -4.32987e-13 0.0021823 0.0043645 0.00654653 0.00872829 0.0109097 0.0130906 0.015271 0.0174508 0.0196299 0.0218081 0.0239855 0.0261618 0.0283371 0.0305113 0.0326841 0.0348556 0.0370257 0.0391943 0.0413613 0.0435265 0.04569 0.0478516 0.0500112 0.0521688 
1.95 -0.0488691 -0.0469281 -0.0449854 -0.0430411 -0.0410953 -0.039148 -0.0371993 -0.0352492 -0.0332979 -0.0313454 -0.0293918 -0.0274371 -0.0254814 -0.0235248 -0.0215674 -0.0196092 -0.0176503 -0.0156908 -0.0137306 -0.01177 -0.00980901 -0.00784764 -0.00588597 -0.0039241 -0.00196209 5.77316e-13 0.00196209 0.0039241 0.00588597 0.00784764 0.00980901 0.01177 0.0137306 0.0156908 0.0176503 0.0196092 0.0215674 0.0235248 0.0254814 0.0274371 0.0293918 0.0313454 0.0332979 0.0352492 0.0371993 0.039148 0.0410953 0.0430411 0.0449854 0.0469281 
2 -0.0441376 -0.042383 -0.040627 -0.0388698 -0.0371114 -0.0353518 -0.0335911 -0.0318294 -0.0300666 -0.0283029 -0.0265383 -0.0247729 -0.0230066 -0.0212397 -0.0194721 -0.0177038 -0.0159351 -0.0141658 -0.012396 -0.0106259 -0.00885542 -0.00708467 -0.0053137 -0.00354256 -0.00177131 0 0.00177131 0.00354256 0.0053137 0.00708467 0.00885542 0.0106259 0.012396 0.0141658 0.0159351 0.0177038 0.0194721 0.0212397 0.0230066 0.0247729 0.0265383 0.0283029 0.0300666 0.0318294 0.0335911 0.0353518 0.0371114 0.0388698 0.040627 0.042383 
