0.05 -0.00030483 -0.000305181 -0.000305533 -0.000305885 -0.000306238 -0.000306591 -0.000306945 -0.000307299 -0.000307654 -0.00030801 -0.000308366 -0.000308722 -0.00030908 -0.000309437 -0.000309796 -0.000310154 -0.000310514 -0.000310874 -0.000311234 -0.000311595 -0.000311957 -0.000312319 -0.000312682 -0.000313045 -0.000313409 8.65974e-12 0.000313409 0.000313045 0.000312682 0.000312319 0.000311957 0.000311595 0.000311234 0.000310874 0.000310514 0.000310154 0.000309796 0.000309437 0.00030908 0.000308722 0.000308366 0.00030801 0.000307654 0.000307299 0.000306945 0.000306591 0.000306238 0.000305885 0.000305533 0.000305181 
0.1 -0.00123358 -0.00123503 -0.00123649 -0.00123794 -0.0012394 -0.00124086 -0.00124233 -0.00124379 -0.00124526 -0.00124673 -0.0012482 -0.00124968 -0.00125116 -0.00125264 -0.00125412 -0.0012556 -0.00125709 -0.00125858 -0.00126007 -0.00126157 -0.00126306 -0.00126456 -0.00126607 -0.00126757 -0.00126909 -7.21645e-14 0.00126909 0.00126757 0.00126607 0.00126456 0.00126306 0.00126157 0.00126007 0.00125858 0.00125709 0.0012556 0.00125412 0.00125264 0.00125116 0.00124968 0.0012482 0.00124673 0.00124526 0.00124379 0.00124233 0.00124086 0.0012394 0.00123794 0.00123649 0.00123503 
0.15 -0.00283039 -0.00283384 -0.0028373 -0.00284076 -0.00284423 -0.00284771 -0.00285119 -0.00285468 -0.00285817 -0.00286167 -0.00286517 -0.00286869 -0.0028722 -0.00287573 -0.00287926 -0.0028828 -0.00288634 -0.00288989 -0.00289345 -0.00289701 -0.00290058 -0.00290415 -0.00290773 -0.00291132 -0.00291553 -2.45359e-12 0.00291553 0.00291132 0.00290773 0.00290415 0.00290058 0.00289701 0.00289345 0.00288989 0.00288634 0.0028828 0.00287926 0.00287573 0.0028722 0.00286869 0.00286517 0.00286167 0.00285817 0.00285468 0.00285119 0.00284771 0.00284423 0.00284076 0.0028373 0.00283384 
0.2 -0.00517357 -0.0051802 -0.00518684 -0.0051935 -0.00520017 -0.00520685 -0.00521354 -0.00522025 -0.00522697 -0.00523371 -0.00524046 -0.00524722 -0.00525399 -0.00526078 -0.00526758 -0.00527439 -0.00528122 -0.00528806 -0.00529491 -0.00530178 -0.00530866 -0.00531556 -0.00532247 -0.00532939 -0.00534731 1.26288e-11 0.00534731 0.00532939 0.00532247 0.00531556 0.00530866 0.00530178 0.00529491 0.00528806 0.00528122 0.00527439 0.00526758 0.00526078 0.00525399 0.00524722 0.00524046 0.00523371 0.00522697 0.00522025 0.00521354 0.00520685 0.00520017 0.0051935 0.00518684 0.0051802 
0.25 -0.00838352 -0.00839497 -0.00840646 -0.00841797 -0.0084295 -0.00844106 -0.00845265 -0.00846426 -0.0084759 -0.00848756 -0.00849925 -0.00851096 -0.00852271 -0.00853447 -0.00854626 -0.00855808 -0.00856993 -0.0085818 -0.0085937 -0.00860562 -0.00861758 -0.00862956 -0.00864156 -0.0086536 -0.00876727 1.69587e-11 0.00876727 0.0086536 0.00864156 0.00862956 0.00861758 0.00860562 0.0085937 0.0085818 0.00856993 0.00855808 0.00854626 0.00853447 0.00852271 0.00851096 0.00849925 0.00848756 0.0084759 0.00846426 0.00845265 0.00844106 0.0084295 0.00841797 0.00840646 0.00839497 
0.3 -0.0126357 -0.0126544 -0.0126731 -0.0126919 -0.0127108 -0.0127296 -0.0127486 -0.0127676 -0.0127866 -0.0128057 -0.0128248 -0.012844 -0.0128632 -0.0128825 -0.0129018 -0.0129212 -0.0129406 -0.0129601 -0.0129796 -0.0129992 -0.0130188 -0.0130385 -0.0130582 -0.013078 -0.0137216 7.07212e-12 0.0137216 0.013078 0.0130582 0.0130385 0.0130188 0.0129992 0.0129796 0.0129601 0.0129406 0.0129212 0.0129018 0.0128825 0.0128632 0.012844 0.0128248 0.0128057 0.0127866 0.0127676 0.0127486 0.0127296 0.0127108 0.0126919 0.0126731 0.0126544 
0.35 -0.018181 -0.0182105 -0.0182402 -0.0182699 -0.0182998 -0.0183297 -0.0183597 -0.0183898 -0.0184199 -0.0184502 -0.0184806 -0.018511 -0.0185416 -0.0185722 -0.0186029 -0.0186338 -0.0186647 -0.0186957 -0.0187268 -0.0187581 -0.0187894 -0.0188209 -0.0188526 -0.0188849 -0.0217981 -1.34226e-11 0.0217981 0.0188849 0.0188526 0.0188209 0.0187894 0.0187581 0.0187268 0.0186957 0.0186647 0.0186338 0.0186029 0.0185722 0.0185416 0.018511 0.0184806 0.0184502 0.0184199 0.0183898 0.0183597 0.0183297 0.0182998 0.0182699 0.0182402 0.0182105 
0.4 -0.0253774 -0.0254235 -0.0254697 -0.0255161 -0.0255626 -0.0256093 -0.0256562 -0.0257032 -0.0257504 -0.0257978 -0.0258454 -0.0258931 -0.025941 -0.0259891 -0.0260374 -0.0260859 -0.0261346 -0.0261835 -0.0262327 -0.0262822 -0.0263321 -0.0263829 -0.0264356 -0.0264962 -0.0373361 9.67004e-12 0.0373361 0.0264962 0.0264356 0.0263829 0.0263321 0.0262822 0.0262327 0.0261835 0.0261346 0.0260859 0.0260374 0.0259891 0.025941 0.0258931 0.0258454 0.0257978 0.0257504 0.0257032 0.0256562 0.0256093 0.0255626 0.0255161 0.0254697 0.0254235 
0.45 -0.0347401 -0.0348116 -0.0348835 -0.0349556 -0.0350281 -0.0351009 -0.035174 -0.0352475 -0.0353213 -0.0353955 -0.03547 -0.0355449 -0.0356202 -0.035696 -0.0357722 -0.035849 -0.0359265 -0.0360048 -0.0360843 -0.0361656 -0.0362501 -0.0363413 -0.0364506 -0.0366399 -0.0709957 -8.37108e-12 0.0709957 0.0366399 0.0364506 0.0363413 0.0362501 0.0361656 0.0360843 0.0360048 0.0359265 0.035849 0.0357722 0.035696 0.0356202 0.0355449 0.03547 0.0353955 0.0353213 0.0352475 0.035174 0.0351009 0.0350281 0.0349556 0.0348835 0.0348116 
0.5 -0.0470219 -0.0471339 -0.0472466 -0.0473599 -0.0474739 -0.0475886 -0.0477041 -0.0478203 -0.0479373 -0.0480553 -0.0481743 -0.0482944 -0.0484157 -0.0485386 -0.0486634 -0.0487906 -0.0489212 -0.0490564 -0.0491991 -0.049354 -0.0495323 -0.0497614 -0.0501317 -0.051135 -0.146109 -1.2268e-11 0.146109 0.051135 0.0501317 0.0497614 0.0495323 0.049354 0.0491991 0.0490564 0.0489212 0.0487906 0.0486634 0.0485386 0.0484157 0.0482944 0.0481743 0.0480553 0.0479373 0.0478203 0.0477041 0.0475886 0.0474739 0.0473599 0.0472466 0.0471339 
0.55 -0.0633519 -0.0635313 -0.0637122 -0.0638947 -0.0640791 -0.0642654 -0.0644538 -0.0646446 -0.0648382 -0.0650349 -0.0652353 -0.0654401 -0.0656506 -0.065868 -0.0660949 -0.0663346 -0.0665927 -0.0668785 -0.0672087 -0.0676157 -0.0681694 -0.0690477 -0.0708317 -0.076677 -0.307585 -4.40203e-12 0.307585 0.076677 0.0708317 0.0690477 0.0681694 0.0676157 0.0672087 0.0668785 0.0665927 0.0663346 0.0660949 0.065868 0.0656506 0.0654401 0.0652353 0.0650349 0.0648382 0.0646446 0.0644538 0.0642654 0.0640791 0.0638947 0.0637122 0.0635313 
0.6 -0.0854958 -0.0857965 -0.0861019 -0.0864126 -0.0867293 -0.0870527 -0.0873838 -0.087724 -0.0880749 -0.0884389 -0.0888189 -0.0892189 -0.0896449 -0.0901051 -0.0906117 -0.0911836 -0.0918507 -0.0926633 -0.0937115 -0.09517 -0.0974166 -0.101409 -0.110267 -0.140723 -0.627627 5.77316e-12 0.627627 0.140723 0.110267 0.101409 0.0974166 0.09517 0.0937115 0.0926633 0.0918507 0.0911836 0.0906117 0.0901051 0.0896449 0.0892189 0.0888189 0.0884389 0.0880749 0.087724 0.0873838 0.0870527 0.0867293 0.0864126 0.0861019 0.0857965 
0.65 -0.116404 -0.116952 -0.117517 -0.118101 -0.118707 -0.119338 -0.119999 -0.120697 -0.121439 -0.122235 -0.123099 -0.124051 -0.125118 -0.126336 -0.127765 -0.129489 -0.13165 -0.134479 -0.138392 -0.144196 -0.153628 -0.171059 -0.210515 -0.343165 -1.18534 -1.23401e-11 1.18534 0.343165 0.210515 0.171059 0.153628 0.144196 0.138392 0.134479 0.13165 0.129489 0.127765 0.126336 0.125118 0.124051 0.123099 0.122235 0.121439 0.120697 0.119999 0.119338 0.118707 0.118101 0.117517 0.116952 
0.7 -0.161448 -0.162574 -0.163759 -0.165012 -0.166344 -0.167772 -0.169314 -0.170994 -0.172844 -0.174906 -0.177235 -0.17991 -0.183038 -0.186775 -0.191348 -0.197108 -0.204612 -0.214791 -0.229294 -0.251289 -0.287502 -0.354405 -0.501751 -0.935309 -1.96403 -2.88658e-11 1.96403 0.935309 0.501751 0.354405 0.287502 0.251289 0.229294 0.214791 0.204612 0.197108 0.191348 0.186775 0.183038 0.17991 0.177235 0.174906 0.172844 0.170994 0.169314 0.167772 0.166344 0.165012 0.163759 0.162574 
0.75 -0.231194 -0.233785 -0.236574 -0.239594 -0.242888 -0.246508 -0.250521 -0.255015 -0.260101 -0.265926 -0.27269 -0.280664 -0.290224 -0.301913 -0.316521 -0.335252 -0.359996 -0.393865 -0.442266 -0.515232 -0.63298 -0.840458 -1.24761 -2.08846 -2.64425 -1.94122e-11 2.64425 2.08846 1.24761 0.840458 0.63298 0.515232 0.442266 0.393865 0.359996 0.335252 0.316521 0.301913 0.290224 0.280664 0.27269 0.265926 0.260101 0.255015 0.250521 0.246508 0.242888 0.239594 0.236574 0.233785 
0.8 -0.346955 -0.35329 -0.360226 -0.367869 -0.37635 -0.385832 -0.396522 -0.408683 -0.422654 -0.438882 -0.457958 -0.480684 -0.508162 -0.541941 -0.58425 -0.638376 -0.709311 -0.804872 -0.93771 -1.1289 -1.41393 -1.84886 -2.48753 -3.15026 -2.6837 -8.7319e-12 2.6837 3.15026 2.48753 1.84886 1.41393 1.1289 0.93771 0.804872 0.709311 0.638376 0.58425 0.541941 0.508162 0.480684 0.457958 0.438882 0.422654 0.408683 0.396522 0.385832 0.37635 0.367869 0.360226 0.35329 
0.85 -0.549125 -0.564323 -0.581117 -0.599781 -0.62065 -0.644138 -0.670759 -0.701163 -0.736169 -0.776832 -0.824515 -0.881002 -0.948657 -1.03064 -1.13121 -1.25614 -1.41326 -1.61295 -1.86816 -2.19235 -2.59023 -3.0281 -3.35934 -3.21471 -2.09113 -3.45668e-11 2.09113 3.21471 3.35934 3.0281 2.59023 2.19235 1.86816 1.61295 1.41326 1.25614 1.13121 1.03064 0.948657 0.881002 0.824515 0.776832 0.736169 0.701163 0.670759 0.644138 0.62065 0.599781 0.581117 0.564323 
0.9 -0.899471 -0.93235 -0.968649 -1.0089 -1.05372 -1.10387 -1.16024 -1.22392 -1.29619 -1.37863 -1.47309 -1.58177 -1.70723 -1.85232 -2.02 -2.21287 -2.43208 -2.67518 -2.93201 -3.17754 -3.36094 -3.39383 -3.14978 -2.5001 -1.40325 -7.86593e-12 1.40325 2.5001 3.14978 3.39383 3.36094 3.17754 2.93201 2.67518 2.43208 2.21287 2.02 1.85232 1.70723 1.58177 1.47309 1.37863 1.29619 1.22392 1.16024 1.10387 1.05372 1.0089 0.968649 0.93235 
0.95 -1.44519 -1.50323 -1.56637 -1.63517 -1.71024 -1.79222 -1.8818 -1.97963 -2.08635 -2.20246 -2.32817 -2.46328 -2.60679 -2.7565 -2.90834 -3.0555 -3.18726 -3.28769 -3.33448 -3.29862 -3.14595 -2.84225 -2.36258 -1.70371 -0.89496 -9.45355e-12 0.89496 1.70371 2.36258 2.84225 3.14595 3.29862 3.33448 3.28769 3.18726 3.0555 2.90834 2.7565 2.60679 2.46328 2.32817 2.20246 2.08635 1.97963 1.8818 1.79222 1.71024 1.63517 1.56637 1.50323 
1 -2.11025 -2.18386 -2.26117 -2.34212 -2.42648 -2.51391 -2.60381 -2.69527 -2.78704 -2.87731 -2.96367 -3.04293 -3.11094 -3.16249 -3.19114 -3.18924 -3.14807 -3.05815 -2.90995 -2.69494 -2.40695 -2.04377 -1.60867 -1.11132 -0.567927 -5.26801e-12 0.567927 1.11132 1.60867 2.04377 2.40695 2.69494 2.90995 3.05815 3.14807 3.18924 3.19114 3.16249 3.11094 3.04293 2.96367 2.87731 2.78704 2.69527 2.60381 2.51391 2.42648 2.34212 2.26117 2.18386 
1.05 -2.6255 -2.68202 -2.73722 -2.7903 -2.8403 -2.88606 -2.92622 -2.95918 -2.9831 -2.99591 -2.99526 -2.9786 -2.94318 -2.88616 -2.80468 -2.69601 -2.55774 -2.38798 -2.1856 -1.95041 -1.68345 -1.38705 -1.06492 -0.722103 -0.364788 -9.81437e-12 0.364788 0.722103 1.06492 1.38705 1.68345 1.95041 2.1856 2.38798 2.55774 2.69601 2.80468 2.88616 2.94318 2.9786 2.99526 2.99591 2.9831 2.95918 2.92622 2.88606 2.8403 2.7903 2.73722 2.68202 
1.1 -2.73687 -2.75115 -2.76034 -2.76368 -2.76038 -2.74958 -2.73038 -2.70186 -2.66308 -2.61309 -2.55098 -2.47589 -2.38706 -2.28382 -2.16569 -2.03238 -1.88384 -1.72029 -1.54225 -1.35057 -1.1464 -0.931233 -0.706863 -0.475335 -0.238911 1.29896e-12 0.238911 0.475335 0.706863 0.931233 1.1464 1.35057 1.54225 1.72029 1.88384 2.03238 2.16569 2.28382 2.38706 2.47589 2.55098 2.61309 2.66308 2.70186 2.73038 2.74958 2.76038 2.76368 2.76034 2.75115 
1.15 -2.47134 -2.44899 -2.42144 -2.38835 -2.34938 -2.30421 -2.25255 -2.19411 -2.12865 -2.05598 -1.97592 -1.88839 -1.79334 -1.6908 -1.5809 -1.4638 -1.3398 -1.20926 -1.07262 -0.930422 -0.783289 -0.631915 -0.47706 -0.319542 -0.160225 3.2474e-12 0.160225 0.319542 0.47706 0.631915 0.783289 0.930422 1.07262 1.20926 1.3398 1.4638 1.5809 1.6908 1.79334 1.88839 1.97592 2.05598 2.12865 2.19411 2.25255 2.30421 2.34938 2.38835 2.42144 2.44899 
1.2 -2.03821 -1.99867 -1.95548 -1.90857 -1.85785 -1.80327 -1.74478 -1.68237 -1.61602 -1.54575 -1.47161 -1.39365 -1.31198 -1.22671 -1.13798 -1.04596 -0.950858 -0.852886 -0.752296 -0.649359 -0.544367 -0.437631 -0.329481 -0.220256 -0.110309 -8.44325e-12 0.110309 0.220256 0.329481 0.437631 0.544367 0.649359 0.752296 0.852886 0.950858 1.04596 1.13798 1.22671 1.31198 1.39365 1.47161 1.54575 1.61602 1.68237 1.74478 1.80327 1.85785 1.90857 1.95548 1.99867 
1.25 -1.60627 -1.56407 -1.51969 -1.47312 -1.42439 -1.37349 -1.32046 -1.26532 -1.20812 -1.14889 -1.08771 -1.02463 -0.959728 -0.893095 -0.824822 -0.755011 -0.683772 -0.611224 -0.537492 -0.462708 -0.387011 -0.310545 -0.233457 -0.1559 -0.0780289 2.81442e-12 0.0780289 0.1559 0.233457 0.310545 0.387011 0.462708 0.537492 0.611224 0.683772 0.755011 0.824822 0.893095 0.959728 1.02463 1.08771 1.14889 1.20812 1.26532 1.32046 1.37349 1.42439 1.47312 1.51969 1.56407 
1.3 -1.24559 -1.20737 -1.16791 -1.12723 -1.08535 -1.0423 -0.998102 -0.952786 -0.906387 -0.858942 -0.810492 -0.761081 -0.710757 -0.65957 -0.607573 -0.554823 -0.501379 -0.447302 -0.392658 -0.337511 -0.28193 -0.225985 -0.169747 -0.113288 -0.0566809 -5.41234e-12 0.0566809 0.113288 0.169747 0.225985 0.28193 0.337511 0.392658 0.447302 0.501379 0.554823 0.607573 0.65957 0.710757 0.761081 0.810492 0.858942 0.906387 0.952786 0.998102 1.0423 1.08535 1.12723 1.16791 1.20737 
1.35 -0.966135 -0.933747 -0.900663 -0.866897 -0.832466 -0.79739 -0.761687 -0.72538 -0.68849 -0.651043 -0.613063 -0.574577 -0.535612 -0.496198 -0.456364 -0.416143 -0.375565 -0.334663 -0.293472 -0.252026 -0.210361 -0.168511 -0.126513 -0.0844039 -0.0422205 -1.33504e-12 0.0422205 0.0844039 0.126513 0.168511 0.210361 0.252026 0.293472 0.334663 0.375565 0.416143 0.456364 0.496198 0.535612 0.574577 0.613063 0.651043 0.68849 0.72538 0.761687 0.79739 0.832466 0.866897 0.900663 0.933747 
1.4 -0.755773 -0.729039 -0.701905 -0.674381 -0.646479 -0.618212 -0.589593 -0.560636 -0.531354 -0.501763 -0.471878 -0.441714 -0.411288 -0.380617 -0.349717 -0.318607 -0.287304 -0.255826 -0.224192 -0.192421 -0.160532 -0.128545 -0.096478 -0.0643518 -0.0321858 9.74221e-13 0.0321858 0.0643518 0.096478 0.128545 0.160532 0.192421 0.224192 0.255826 0.287304 0.318607 0.349717 0.380617 0.411288 0.441714 0.471878 0.501763 0.531354 0.560636 0.589593 0.618212 0.646479 0.674381 0.701905 0.729039 
1.45 -0.598454 -0.576546 -0.554401 -0.532027 -0.509431 -0.486622 -0.463607 -0.440396 -0.416996 -0.393419 -0.369671 -0.345764 -0.321707 -0.297509 -0.273181 -0.248733 -0.224175 -0.199518 -0.174773 -0.149951 -0.125061 -0.100116 -0.0751262 -0.0501028 -0.025057 2.88658e-13 0.025057 0.0501028 0.0751262 0.100116 0.125061 0.149951 0.174773 0.199518 0.224175 0.248733 0.273181 0.297509 0.321707 0.345764 0.369671 0.393419 0.416996 0.440396 0.463607 0.486622 0.509431 0.532027 0.554401 0.576546 
1.5 -0.480278 -0.46229 -0.444158 -0.425887 -0.40748 -0.388945 -0.370285 -0.351507 -0.332616 -0.313618 -0.294518 -0.275322 -0.256037 -0.236668 -0.217221 -0.197703 -0.178119 -0.158477 -0.138783 -0.119043 -0.0992626 -0.0794497 -0.0596105 -0.0397513 -0.019879 -4.32987e-13 0.019879 0.0397513 0.0596105 0.0794497 0.0992626 0.119043 0.138783 0.158477 0.178119 0.197703 0.217221 0.236668 0.256037 0.275322 0.294518 0.313618 0.332616 0.351507 0.370285 0.388945 0.40748 0.425887 0.444158 0.46229 
1.55 -0.390637 -0.375775 -0.360823 -0.345783 -0.330658 -0.315452 -0.300169 -0.284812 -0.269384 -0.253889 -0.238331 -0.222714 -0.207041 -0.191316 -0.175544 -0.159727 -0.143869 -0.127976 -0.11205 -0.0960956 -0.0801169 -0.064118 -0.0481027 -0.0320753 -0.0160397 -3.60822e-13 0.0160397 0.0320753 0.0481027 0.064118 0.0801169 0.0960956 0.11205 0.127976 0.143869 0.159727 0.175544 0.191316 0.207041 0.222714 0.238331 0.253889 0.269384 0.284812 0.300169 0.315452 0.330658 0.345783 0.360823 0.375775 
1.6 -0.321817 -0.309437 -0.296998 -0.284502 -0.271952 -0.259349 -0.246696 -0.233995 -0.221249 -0.20846 -0.19563 -0.182762 -0.169858 -0.156921 -0.143953 -0.130957 -0.117935 -0.10489 -0.0918244 -0.0787404 -0.0656408 -0.0525282 -0.0394053 -0.0262745 -0.0131386 -2.634e-12 0.0131386 0.0262745 0.0394053 0.0525282 0.0656408 0.0787404 0.0918244 0.10489 0.117935 0.130957 0.143953 0.156921 0.169858 0.182762 0.19563 0.20846 0.221249 0.233995 0.246696 0.259349 0.271952 0.284502 0.296998 0.309437 
1.65 -0.268303 -0.257898 -0.247454 -0.236972 -0.226453 -0.2159 -0.205313 -0.194695 -0.184046 -0.173369 -0.162665 -0.151936 -0.141183 -0.130408 -0.119613 -0.108799 -0.0979675 -0.087121 -0.0762608 -0.0653887 -0.0545063 -0.0436153 -0.0327175 -0.0218145 -0.0109081 8.29892e-13 0.0109081 0.0218145 0.0327175 0.0436153 0.0545063 0.0653887 0.0762608 0.087121 0.0979675 0.108799 0.119613 0.130408 0.141183 0.151936 0.162665 0.173369 0.184046 0.194695 0.205313 0.2159 0.226453 0.236972 0.247454 0.257898 
1.7 -0.226158 -0.217335 -0.208485 -0.199609 -0.190708 -0.181783 -0.172836 -0.163867 -0.154878 -0.145869 -0.136841 -0.127797 -0.118736 -0.109661 -0.100571 -0.0914689 -0.0823551 -0.0732309 -0.0640974 -0.0549557 -0.0458071 -0.0366527 -0.0274936 -0.018331 -0.00916608 2.92266e-12 0.00916608 0.018331 0.0274936 0.0366527 0.0458071 0.0549557 0.0640974 0.0732309 0.0823551 0.0914689 0.100571 0.109661 0.118736 0.127797 0.136841 0.145869 0.154878 0.163867 0.172836 0.181783 0.190708 0.199609 0.208485 0.217335 
1.75 -0.192557 -0.185011 -0.177446 -0.169863 -0.162262 -0.154645 -0.147012 -0.139363 -0.131701 -0.124024 -0.116335 -0.108634 -0.100922 -0.0931988 -0.0854663 -0.0777249 -0.0699755 -0.0622187 -0.0544556 -0.0466867 -0.038913 -0.0311353 -0.0233543 -0.0155709 -0.00778585 1.29896e-12 0.00778585 0.0155709 0.0233543 0.0311353 0.038913 0.0466867 0.0544556 0.0622187 0.0699755 0.0777249 0.0854663 0.0931988 0.100922 0.108634 0.116335 0.124024 0.131701 0.139363 0.147012 0.154645 0.162262 0.169863 0.177446 0.185011 
1.8 -0.165459 -0.158952 -0.152431 -0.145898 -0.139352 -0.132795 -0.126225 -0.119646 -0.113055 -0.106456 -0.0998466 -0.093229 -0.0866034 -0.0799704 -0.0733305 -0.0666842 -0.0600322 -0.053375 -0.0467133 -0.0400474 -0.0333782 -0.026706 -0.0200315 -0.0133553 -0.00667794 -1.80411e-13 0.00667794 0.0133553 0.0200315 0.026706 0.0333782 0.0400474 0.0467133 0.053375 0.0600322 0.0666842 0.0733305 0.0799704 0.0866034 0.093229 0.0998466 0.106456 0.113055 0.119646 0.126225 0.132795 0.139352 0.145898 0.152431 0.158952 
1.85 -0.143366 -0.137713 -0.132049 -0.126377 -0.120695 -0.115004 -0.109305 -0.103599 -0.0978846 -0.0921634 -0.0864356 -0.0807015 -0.0749615 -0.0692162 -0.0634658 -0.0577108 -0.0519517 -0.0461888 -0.0404225 -0.0346533 -0.0288816 -0.0231078 -0.0173323 -0.0115556 -0.005778 -1.08247e-12 0.005778 0.0115556 0.0173323 0.0231078 0.0288816 0.0346533 0.0404225 0.0461888 0.0519517 0.0577108 0.0634658 0.0692162 0.0749615 0.0807015 0.0864356 0.0921634 0.0978846 0.103599 0.109305 0.115004 0.120695 0.126377 0.132049 0.137713 
1.9 -0.125173 -0.120226 -0.115272 -0.110311 -0.105343 -0.100369 -0.0953889 -0.0904027 -0.085411 -0.080414 -0.0754121 -0.0704055 -0.0653947 -0.0603798 -0.0553612 -0.0503392 -0.0453142 -0.0402863 -0.0352559 -0.0302234 -0.025189 -0.0201531 -0.0151159 -0.0100778 -0.00503905 2.09277e-12 0.00503905 0.0100778 0.0151159 0.0201531 0.025189 0.0302234 0.0352559 0.0402863 0.0453142 0.0503392 0.0553612 0.0603798 0.0653947 0.0704055 0.0754121 0.080414 0.085411 0.0904027 0.0953889 0.100369 0.105343 0.110311 0.115272 0.120226 
1.95 -0.110051 -0.105695 -0.101332 -0.096965 -0.0925924 -0.088215 -0.0838329 -0.0794465 -0.0750558 -0.0706613 -0.066263 -0.0618612 -0.0574562 -0.0530482 -0.0486373 -0.0442239 -0.0398082 -0.0353903 -0.0309706 -0.0265493 -0.0221265 -0.0177026 -0.0132778 -0.00885225 -0.00442624 1.6237e-12 0.00442624 0.00885225 0.0132778 0.0177026 0.0221265 0.0265493 0.0309706 0.0353903 0.0398082 0.0442239 0.0486373 0.0530482 0.0574562 0.0618612 0.066263 0.0706613 0.0750558 0.0794465 0.0838329 0.088215 0.0925924 0.096965 0.101332 0.105695 
2 -0.0973737 -0.0935135 -0.089649 -0.0857805 -0.0819081 -0.078032 -0.0741523 -0.0702693 -0.0663831 -0.0624939 -0.0586018 -0.054707 -0.0508098 -0.0469103 -0.0430086 -0.039105 -0.0351996 -0.0312925 -0.0273841 -0.0234744 -0.0195636 -0.015652 -0.0117396 -0.0078267 -0.00391344 2.88658e-13 0.00391344 0.0078267 0.0117396 0.015652 0.0195636 0.0234744 0.0273841 0.0312925 0.0351996 0.039105 0.0430086 0.0469103 0.0508098 0.054707 0.0586018 0.0624939 0.0663831 0.0702693 0.0741523 0.078032 0.0819081 0.0857805 0.089649 0.0935135 
