0.05 0.00030483 0.000305181 0.000305533 0.000305885 0.000306238 0.000306591 0.000306945 0.000307299 0.000307654 0.00030801 0.000308366 0.000308723 0.00030908 0.000309438 0.000309796 0.000310155 0.000310515 0.000310875 0.000311236 0.000311599 0.000311963 0.000312331 0.000312712 0.000313188 649.797 1299.59 649.797 0.000313188 0.000312712 0.000312331 0.000311963 0.000311599 0.000311236 0.000310875 0.000310515 0.000310155 0.000309796 0.000309438 0.00030908 0.000308723 0.000308366 0.00030801 0.000307654 0.000307299 0.000306945 0.000306591 0.000306238 0.000305885 0.000305533 0.000305181 
0.1 0.00123362 0.00123508 0.00123654 0.001238 0.00123947 0.00124094 0.00124242 0.0012439 0.00124539 0.00124689 0.0012484 0.00124992 0.00125146 0.00125302 0.00125462 0.00125627 0.00125801 0.0012599 0.00126206 0.00126477 0.00126873 0.00127617 0.00129667 0.00141267 649.185 1298.37 649.185 0.00141267 0.00129667 0.00127617 0.00126873 0.00126477 0.00126206 0.0012599 0.00125801 0.00125627 0.00125462 0.00125302 0.00125146 0.00124992 0.0012484 0.00124689 0.00124539 0.0012439 0.00124242 0.00124094 0.00123947 0.001238 0.00123654 0.00123508 
0.15 0.00283278 0.00283655 0.00284038 0.00284428 0.00284828 0.00285239 0.00285666 0.00286111 0.00286582 0.00287085 0.00287634 0.00288243 0.0028894 0.00289764 0.00290779 0.0029209 0.00293887 0.00296518 0.00300693 0.00307997 0.00322484 0.00356825 0.00465878 0.0112125 648.154 1296.29 648.154 0.0112125 0.00465878 0.00356825 0.00322484 0.00307997 0.00300693 0.00296518 0.00293887 0.0029209 0.00290779 0.00289764 0.0028894 0.00288243 0.00287634 0.00287085 0.00286582 0.00286111 0.00285666 0.00285239 0.00284828 0.00284428 0.00284038 0.00283655 
0.2 0.00521558 0.00522771 0.00524085 0.00525525 0.00527121 0.00528915 0.0053096 0.00533331 0.00536131 0.005395 0.00543644 0.00548861 0.00555601 0.0056456 0.00576855 0.00594356 0.00620355 0.00661012 0.00728774 0.00851453 0.0110026 0.0169766 0.0360676 0.15104 646.656 1293.06 646.656 0.15104 0.0360676 0.0169766 0.0110026 0.00851453 0.00728774 0.00661012 0.00620355 0.00594356 0.00576855 0.0056456 0.00555601 0.00548861 0.00543644 0.005395 0.00536131 0.00533331 0.0053096 0.00528915 0.00527121 0.00525525 0.00524085 0.00522771 
0.25 0.00876907 0.008831 0.00890215 0.0089847 0.00908152 0.00919636 0.00933424 0.00950193 0.00970877 0.00996788 0.010298 0.0107265 0.0112946 0.0120663 0.013144 0.0146994 0.0170346 0.0207147 0.0268818 0.0380873 0.0608629 0.115606 0.290552 1.3414 644.41 1286.56 644.41 1.3414 0.290552 0.115606 0.0608629 0.0380873 0.0268818 0.0207147 0.0170346 0.0146994 0.013144 0.0120663 0.0112946 0.0107265 0.010298 0.00996788 0.00970877 0.00950193 0.00933424 0.00919636 0.00908152 0.0089847 0.00890215 0.008831 
0.3 0.0149797 0.0153052 0.0156867 0.0161374 0.0166747 0.0173214 0.0181081 0.0190759 0.0202816 0.0218048 0.0237593 0.0263119 0.029713 0.0343507 0.040848 0.0502475 0.0643834 0.0866864 0.124087 0.192059 0.330166 0.661722 1.7176 7.95927 640.12 1266.86 640.12 7.95927 1.7176 0.661722 0.330166 0.192059 0.124087 0.0866864 0.0643834 0.0502475 0.040848 0.0343507 0.029713 0.0263119 0.0237593 0.0218048 0.0202816 0.0190759 0.0181081 0.0173214 0.0166747 0.0161374 0.0156867 0.0153052 
0.35 0.0288896 0.0303208 0.0320072 0.0340099 0.0364078 0.0393053 0.0428413 0.0472041 0.0526528 0.0595504 0.068416 0.0800096 0.0954729 0.116574 0.14615 0.188945 0.253295 0.354779 0.524803 0.833284 1.45818 2.94936 7.62693 33.5434 629.284 1202.72 629.284 33.5434 7.62693 2.94936 1.45818 0.833284 0.524803 0.354779 0.253295 0.188945 0.14615 0.116574 0.0954729 0.0800096 0.068416 0.0595504 0.0526528 0.0472041 0.0428413 0.0393053 0.0364078 0.0340099 0.0320072 0.0303208 
0.4 0.0649979 0.0702267 0.0763986 0.0837382 0.0925376 0.103181 0.116181 0.132231 0.152286 0.177681 0.210325 0.25301 0.309925 0.387549 0.496255 0.653346 0.88914 1.26002 1.87894 2.99492 5.23176 10.4609 26.0709 97.9388 600.513 1043.11 600.513 97.9388 26.0709 10.4609 5.23176 2.99492 1.87894 1.26002 0.88914 0.653346 0.496255 0.387549 0.309925 0.25301 0.210325 0.177681 0.152286 0.132231 0.116181 0.103181 0.0925376 0.0837382 0.0763986 0.0702267 
0.45 0.159205 0.175529 0.194802 0.217725 0.245208 0.278446 0.319033 0.369121 0.431665 0.510795 0.612401 0.745066 0.92163 1.16186 1.49723 1.97986 2.70021 3.82431 5.67866 8.96307 15.3527 29.4798 66.7485 187.666 536.777 792.381 536.777 187.666 66.7485 29.4798 15.3527 8.96307 5.67866 3.82431 2.70021 1.97986 1.49723 1.16186 0.92163 0.745066 0.612401 0.510795 0.431665 0.369121 0.319033 0.278446 0.245208 0.217725 0.194802 0.175529 
0.5 0.389265 0.433852 0.486458 0.54897 0.623836 0.714262 0.824506 0.960301 1.12948 1.34294 1.61611 1.97134 2.44173 3.07765 3.95823 5.21206 7.05699 9.87993 14.4071 22.0922 36.0603 63.5171 121.538 243.567 435.213 544.487 435.213 243.567 121.538 63.5171 36.0603 22.0922 14.4071 9.87993 7.05699 5.21206 3.95823 3.07765 2.44173 1.97134 1.61611 1.34294 1.12948 0.960301 0.824506 0.714262 0.623836 0.54897 0.486458 0.433852 
0.55 0.902397 1.01038 1.13751 1.2882 1.46814 1.68475 1.94779 2.2703 2.66994 3.17092 3.80713 4.62672 5.69962 7.12955 9.0742 11.7797 15.6412 21.3121 29.9042 43.3505 65.0211 100.497 157.238 238.119 322.964 361.619 322.964 238.119 157.238 100.497 65.0211 43.3505 29.9042 21.3121 15.6412 11.7797 9.0742 7.12955 5.69962 4.62672 3.80713 3.17092 2.66994 2.2703 1.94779 1.68475 1.46814 1.2882 1.13751 1.01038 
0.6 1.9348 2.16705 2.43915 2.75993 3.1406 3.5956 4.14361 4.80917 5.62476 6.63393 7.89577 9.49147 11.534 14.1827 17.6647 22.3075 28.5858 37.1863 49.0848 65.6011 88.3149 118.554 155.98 196.146 228.891 241.771 228.891 196.146 155.98 118.554 88.3149 65.6011 49.0848 37.1863 28.5858 22.3075 17.6647 14.1827 11.534 9.49147 7.89577 6.63393 5.62476 4.80917 4.14361 3.5956 3.1406 2.75993 2.43915 2.16705 
0.65 3.77684 4.21545 4.72469 5.31892 6.01601 6.83833 7.81407 8.97893 10.3784 12.0708 14.1312 16.6561 19.7706 23.6353 28.4553 34.4876 42.0439 51.4799 63.1537 77.3294 93.9935 112.574 131.629 148.723 160.796 165.179 160.796 148.723 131.629 112.574 93.9935 77.3294 63.1537 51.4799 42.0439 34.4876 28.4553 23.6353 19.7706 16.6561 14.1312 12.0708 10.3784 8.97893 7.81407 6.83833 6.01601 5.31892 4.72469 4.21545 
0.7 6.60908 7.32045 8.13401 9.06755 10.1424 11.3839 12.8227 14.4954 16.4455 18.7247 21.3941 24.5241 28.1952 32.4956 37.5174 43.348 50.0555 57.6655 66.1287 75.2794 84.7939 94.1624 102.699 109.61 114.134 115.711 114.134 109.61 102.699 94.1624 84.7939 75.2794 66.1287 57.6655 50.0555 43.348 37.5174 32.4956 28.1952 24.5241 21.3941 18.7247 16.4455 14.4954 12.8227 11.3839 10.1424 9.06755 8.13401 7.32045 
0.75 10.2085 11.1738 12.254 13.4644 14.8221 16.3462 18.0576 19.9794 22.136 24.553 27.2557 30.268 33.6098 37.2936 41.3205 45.675 50.3179 55.1808 60.1596 65.1113 69.8554 74.181 77.8625 80.6819 82.456 83.0618 82.456 80.6819 77.8625 74.181 69.8554 65.1113 60.1596 55.1808 50.3179 45.675 41.3205 37.2936 33.6098 30.268 27.2557 24.553 22.136 19.9794 18.0576 16.3462 14.8221 13.4644 12.254 11.1738 
0.8 13.7892 14.867 16.0415 17.3204 18.7116 20.2227 21.8608 23.6321 25.5413 27.5911 29.7811 32.1071 34.56 37.1245 39.7781 42.4903 45.2216 47.9237 50.5396 53.0056 55.2532 57.213 58.8188 60.0124 60.7481 60.9966 60.7481 60.0124 58.8188 57.213 55.2532 53.0056 50.5396 47.9237 45.2216 42.4903 39.7781 37.1245 34.56 32.1071 29.7811 27.5911 25.5413 23.6321 21.8608 20.2227 18.7116 17.3204 16.0415 14.867 
0.85 16.3523 17.3487 18.4046 19.5212 20.6993 21.9384 23.2376 24.5943 26.005 27.4642 28.9647 30.4973 32.0507 33.611 35.1624 36.6866 38.1636 39.5715 40.8875 42.0883 43.1513 44.0549 44.7797 45.3098 45.6329 45.7414 45.6329 45.3098 44.7797 44.0549 43.1513 42.0883 40.8875 39.5715 38.1636 36.6866 35.1624 33.611 32.0507 30.4973 28.9647 27.4642 26.005 24.5943 23.2376 21.9384 20.6993 19.5212 18.4046 17.3487 
0.9 17.3439 18.13 18.9423 19.7793 20.6392 21.5194 22.4171 23.3286 24.2498 25.1759 26.1015 27.0203 27.9257 28.8105 29.667 30.487 31.2622 31.9843 32.6451 33.2365 33.751 34.1821 34.5238 34.7714 34.9213 34.9716 34.9213 34.7714 34.5238 34.1821 33.751 33.2365 32.6451 31.9843 31.2622 30.487 29.667 28.8105 27.9257 27.0203 26.1015 25.1759 24.2498 23.3286 22.4171 21.5194 20.6392 19.7793 18.9423 18.13 
0.95 16.9052 17.4582 18.0181 18.5832 19.1518 19.7219 20.2914 20.8578 21.4186 21.9711 22.5123 23.0393 23.549 24.0381 24.5034 24.9416 25.3496 25.7243 26.0627 26.3621 26.62 26.8342 27.0028 27.1243 27.1977 27.2222 27.1977 27.1243 27.0028 26.8342 26.62 26.3621 26.0627 25.7243 25.3496 24.9416 24.5034 24.0381 23.549 23.0393 22.5123 21.9711 21.4186 20.8578 20.2914 19.7219 19.1518 18.5832 18.0181 17.4582 
1 15.5622 15.9246 16.2858 16.6449 17.0008 17.3523 17.6983 18.0375 18.3686 18.6903 19.0013 19.3003 19.5859 19.8568 20.1116 20.3492 20.5683 20.7677 20.9464 21.1033 21.2377 21.3487 21.4358 21.4983 21.536 21.5485 21.536 21.4983 21.4358 21.3487 21.2377 21.1033 20.9464 20.7677 20.5683 20.3492 20.1116 19.8568 19.5859 19.3003 19.0013 18.6903 18.3686 18.0375 17.6983 17.3523 17.0008 16.6449 16.2858 15.9246 
1.05 13.8362 14.0651 14.2909 14.5128 14.7305 14.9432 15.1505 15.3517 15.5463 15.7336 15.9131 16.0842 16.2464 16.399 16.5415 16.6736 16.7946 16.9041 17.0018 17.0872 17.16 17.22 17.2669 17.3006 17.3208 17.3276 17.3208 17.3006 17.2669 17.22 17.16 17.0872 17.0018 16.9041 16.7946 16.6736 16.5415 16.399 16.2464 16.0842 15.9131 15.7336 15.5463 15.3517 15.1505 14.9432 14.7305 14.5128 14.2909 14.0651 
1.1 12.0733 12.2162 12.356 12.4925 12.6253 12.7542 12.8789 12.9992 13.1147 13.2253 13.3306 13.4305 13.5246 13.6127 13.6947 13.7703 13.8393 13.9015 13.9568 14.0051 14.0461 14.0798 14.1062 14.125 14.1364 14.1401 14.1364 14.125 14.1062 14.0798 14.0461 14.0051 13.9568 13.9015 13.8393 13.7703 13.6947 13.6127 13.5246 13.4305 13.3306 13.2253 13.1147 12.9992 12.8789 12.7542 12.6253 12.4925 12.356 12.2162 
1.15 10.4499 10.5394 10.6265 10.711 10.7929 10.872 10.9482 11.0213 11.0913 11.1579 11.2211 11.2809 11.337 11.3893 11.4379 11.4825 11.5231 11.5597 11.5922 11.6204 11.6444 11.6641 11.6794 11.6904 11.697 11.6992 11.697 11.6904 11.6794 11.6641 11.6444 11.6204 11.5922 11.5597 11.5231 11.4825 11.4379 11.3893 11.337 11.2809 11.2211 11.1579 11.0913 11.0213 10.9482 10.872 10.7929 10.711 10.6265 10.5394 
1.2 9.03144 9.08822 9.14326 9.19651 9.24789 9.29735 9.34482 9.39025 9.43358 9.47474 9.5137 9.5504 9.58478 9.61681 9.64645 9.67364 9.69836 9.72057 9.74024 9.75734 9.77185 9.78375 9.79303 9.79966 9.80364 9.80497 9.80364 9.79966 9.79303 9.78375 9.77185 9.75734 9.74024 9.72057 9.69836 9.67364 9.64645 9.61681 9.58478 9.5504 9.5137 9.47474 9.43358 9.39025 9.34482 9.29735 9.24789 9.19651 9.14326 9.08822 
1.25 7.82516 7.86182 7.89726 7.93146 7.96438 7.99599 8.02626 8.05517 8.08268 8.10877 8.13342 8.15659 8.17826 8.19842 8.21705 8.23412 8.24962 8.26353 8.27583 8.28652 8.29559 8.30302 8.30881 8.31294 8.31543 8.31626 8.31543 8.31294 8.30881 8.30302 8.29559 8.28652 8.27583 8.26353 8.24962 8.23412 8.21705 8.19842 8.17826 8.15659 8.13342 8.10877 8.08268 8.05517 8.02626 7.99599 7.96438 7.93146 7.89726 7.86182 
1.3 6.81241 6.83656 6.85986 6.88231 6.90388 6.92455 6.94432 6.96316 6.98107 6.99803 7.01403 7.02906 7.0431 7.05614 7.06818 7.0792 7.0892 7.09817 7.10609 7.11298 7.11881 7.12359 7.12731 7.12997 7.13157 7.1321 7.13157 7.12997 7.12731 7.12359 7.11881 7.11298 7.10609 7.09817 7.0892 7.0792 7.06818 7.05614 7.0431 7.02906 7.01403 6.99803 6.98107 6.96316 6.94432 6.92455 6.90388 6.88231 6.85986 6.83656 
1.35 5.96615 5.9824 5.99805 6.01311 6.02756 6.04139 6.0546 6.06719 6.07913 6.09043 6.10108 6.11107 6.1204 6.12906 6.13705 6.14435 6.15098 6.15692 6.16217 6.16672 6.17058 6.17374 6.1762 6.17796 6.17902 6.17937 6.17902 6.17796 6.1762 6.17374 6.17058 6.16672 6.16217 6.15692 6.15098 6.14435 6.13705 6.12906 6.1204 6.11107 6.10108 6.09043 6.07913 6.06719 6.0546 6.04139 6.02756 6.01311 5.99805 5.9824 
1.4 5.25894 5.2701 5.28084 5.29116 5.30105 5.31052 5.31955 5.32814 5.33629 5.344 5.35126 5.35806 5.36441 5.3703 5.37573 5.3807 5.3852 5.38923 5.3928 5.39589 5.3985 5.40065 5.40232 5.40351 5.40422 5.40446 5.40422 5.40351 5.40232 5.40065 5.3985 5.39589 5.3928 5.38923 5.3852 5.3807 5.37573 5.3703 5.36441 5.35806 5.35126 5.344 5.33629 5.32814 5.31955 5.31052 5.30105 5.29116 5.28084 5.2701 
1.45 4.6662 4.67401 4.68153 4.68875 4.69567 4.70228 4.70859 4.71459 4.72027 4.72564 4.7307 4.73544 4.73986 4.74396 4.74773 4.75119 4.75431 4.75711 4.75959 4.76174 4.76355 4.76504 4.7662 4.76703 4.76752 4.76769 4.76752 4.76703 4.7662 4.76504 4.76355 4.76174 4.75959 4.75711 4.75431 4.75119 4.74773 4.74396 4.73986 4.73544 4.7307 4.72564 4.72027 4.71459 4.70859 4.70228 4.69567 4.68875 4.68153 4.67401 
1.5 4.16709 4.17268 4.17804 4.1832 4.18813 4.19284 4.19733 4.2016 4.20565 4.20947 4.21307 4.21643 4.21957 4.22249 4.22517 4.22762 4.22984 4.23183 4.23358 4.23511 4.2364 4.23745 4.23827 4.23886 4.23921 4.23933 4.23921 4.23886 4.23827 4.23745 4.2364 4.23511 4.23358 4.23183 4.22984 4.22762 4.22517 4.22249 4.21957 4.21643 4.21307 4.20947 4.20565 4.2016 4.19733 4.19284 4.18813 4.1832 4.17804 4.17268 
1.55 3.74452 3.74858 3.75248 3.75622 3.75981 3.76323 3.76649 3.76958 3.77252 3.77529 3.77789 3.78034 3.78261 3.78472 3.78666 3.78844 3.79004 3.79148 3.79275 3.79385 3.79479 3.79555 3.79614 3.79657 3.79682 3.79691 3.79682 3.79657 3.79614 3.79555 3.79479 3.79385 3.79275 3.79148 3.79004 3.78844 3.78666 3.78472 3.78261 3.78034 3.77789 3.77529 3.77252 3.76958 3.76649 3.76323 3.75981 3.75622 3.75248 3.74858 
1.6 3.3846 3.3876 3.39048 3.39325 3.39589 3.39842 3.40083 3.40312 3.40528 3.40732 3.40925 3.41105 3.41272 3.41428 3.41571 3.41702 3.4182 3.41926 3.4202 3.42101 3.4217 3.42226 3.4227 3.42301 3.4232 3.42326 3.4232 3.42301 3.4227 3.42226 3.4217 3.42101 3.4202 3.41926 3.4182 3.41702 3.41571 3.41428 3.41272 3.41105 3.40925 3.40732 3.40528 3.40312 3.40083 3.39842 3.39589 3.39325 3.39048 3.3876 
1.65 3.07615 3.0784 3.08057 3.08265 3.08463 3.08653 3.08834 3.09005 3.09167 3.09321 3.09465 3.096 3.09725 3.09842 3.09949 3.10047 3.10136 3.10215 3.10285 3.10346 3.10398 3.1044 3.10472 3.10496 3.1051 3.10514 3.1051 3.10496 3.10472 3.1044 3.10398 3.10346 3.10285 3.10215 3.10136 3.10047 3.09949 3.09842 3.09725 3.096 3.09465 3.09321 3.09167 3.09005 3.08834 3.08653 3.08463 3.08265 3.08057 3.0784 
1.7 2.8102 2.81191 2.81357 2.81515 2.81666 2.81811 2.81948 2.82079 2.82202 2.82319 2.82429 2.82531 2.82627 2.82715 2.82797 2.82872 2.82939 2.82999 2.83053 2.83099 2.83138 2.8317 2.83195 2.83213 2.83223 2.83227 2.83223 2.83213 2.83195 2.8317 2.83138 2.83099 2.83053 2.82999 2.82939 2.82872 2.82797 2.82715 2.82627 2.82531 2.82429 2.82319 2.82202 2.82079 2.81948 2.81811 2.81666 2.81515 2.81357 2.81191 
1.75 2.57951 2.58083 2.58211 2.58333 2.5845 2.58562 2.58668 2.58769 2.58864 2.58954 2.59039 2.59118 2.59192 2.5926 2.59323 2.5938 2.59432 2.59479 2.5952 2.59556 2.59586 2.5961 2.5963 2.59643 2.59652 2.59654 2.59652 2.59643 2.5963 2.5961 2.59586 2.59556 2.5952 2.59479 2.59432 2.5938 2.59323 2.5926 2.59192 2.59118 2.59039 2.58954 2.58864 2.58769 2.58668 2.58562 2.5845 2.58333 2.58211 2.58083 
1.8 2.37825 2.37929 2.38028 2.38124 2.38215 2.38303 2.38386 2.38464 2.38539 2.38609 2.38675 2.38737 2.38795 2.38848 2.38898 2.38943 2.38983 2.3902 2.39052 2.39079 2.39103 2.39122 2.39137 2.39148 2.39154 2.39157 2.39154 2.39148 2.39137 2.39122 2.39103 2.39079 2.39052 2.3902 2.38983 2.38943 2.38898 2.38848 2.38795 2.38737 2.38675 2.38609 2.38539 2.38464 2.38386 2.38303 2.38215 2.38124 2.38028 2.37929 
1.85 2.20169 2.20251 2.2033 2.20406 2.20478 2.20547 2.20613 2.20675 2.20734 2.2079 2.20842 2.20891 2.20937 2.20979 2.21018 2.21053 2.21085 2.21114 2.2114 2.21162 2.2118 2.21195 2.21207 2.21216 2.21221 2.21222 2.21221 2.21216 2.21207 2.21195 2.2118 2.21162 2.2114 2.21114 2.21085 2.21053 2.21018 2.20979 2.20937 2.20891 2.20842 2.2079 2.20734 2.20675 2.20613 2.20547 2.20478 2.20406 2.2033 2.20251 
1.9 2.04598 2.04664 2.04727 2.04788 2.04846 2.04901 2.04953 2.05003 2.0505 2.05095 2.05137 2.05176 2.05212 2.05246 2.05277 2.05306 2.05331 2.05354 2.05375 2.05392 2.05407 2.05419 2.05429 2.05435 2.05439 2.05441 2.05439 2.05435 2.05429 2.05419 2.05407 2.05392 2.05375 2.05354 2.05331 2.05306 2.05277 2.05246 2.05212 2.05176 2.05137 2.05095 2.0505 2.05003 2.04953 2.04901 2.04846 2.04788 2.04727 2.04664 
1.95 1.90798 1.90851 1.90902 1.90951 1.90998 1.91042 1.91085 1.91125 1.91163 1.91199 1.91233 1.91264 1.91294 1.91321 1.91346 1.91369 1.9139 1.91409 1.91425 1.91439 1.91451 1.91461 1.91469 1.91474 1.91477 1.91478 1.91477 1.91474 1.91469 1.91461 1.91451 1.91439 1.91425 1.91409 1.9139 1.91369 1.91346 1.91321 1.91294 1.91264 1.91233 1.91199 1.91163 1.91125 1.91085 1.91042 1.90998 1.90951 1.90902 1.90851 
2 1.78508 1.78552 1.78593 1.78633 1.78671 1.78708 1.78742 1.78775 1.78806 1.78835 1.78863 1.78889 1.78913 1.78935 1.78955 1.78974 1.78991 1.79006 1.7902 1.79031 1.79041 1.79049 1.79055 1.7906 1.79062 1.79063 1.79062 1.7906 1.79055 1.79049 1.79041 1.79031 1.7902 1.79006 1.78991 1.78974 1.78955 1.78935 1.78913 1.78889 1.78863 1.78835 1.78806 1.78775 1.78742 1.78708 1.78671 1.78633 1.78593 1.78552 
