0.05 -0.000304938 -0.000305343 -0.000305757 -0.000306181 -0.000306615 -0.000307063 -0.000307527 -0.000308011 -0.000308519 -0.000309058 -0.000309636 -0.000310264 -0.000310959 -0.000311743 -0.000312652 -0.000313737 -0.000315083 -0.00031683 -0.000319232 -0.000322778 -0.00032853 -0.000339186 -0.000363566 -0.000449688 -0.0103502 -7.21645e-13 0.0103502 0.000449688 0.000363566 0.000339186 0.00032853 0.000322778 0.000319232 0.00031683 0.000315083 0.000313737 0.000312652 0.000311743 0.000310959 0.000310264 0.000309636 0.000309058 0.000308519 0.000308011 0.000307527 0.000307063 0.000306615 0.000306181 0.000305757 0.000305343 
0.1 -0.00126637 -0.00127138 -0.00127686 -0.00128291 -0.00128964 -0.0012972 -0.00130575 -0.00131552 -0.00132682 -0.00134003 -0.0013557 -0.00137454 -0.00139758 -0.00142629 -0.00146285 -0.0015106 -0.00157487 -0.00166463 -0.0017959 -0.00199975 -0.0023434 -0.00299697 -0.00451349 -0.00983102 -0.0754695 0 0.0754695 0.00983102 0.00451349 0.00299697 0.0023434 0.00199975 0.0017959 0.00166463 0.00157487 0.0015106 0.00146285 0.00142629 0.00139758 0.00137454 0.0013557 0.00134003 0.00132682 0.00131552 0.00130575 0.0012972 0.00128964 0.00128291 0.00127686 0.00127138 
0.15 -0.00325423 -0.00329785 -0.00334685 -0.00340224 -0.00346527 -0.0035375 -0.00362092 -0.00371809 -0.00383235 -0.00396813 -0.00413135 -0.00433017 -0.00457602 -0.0048853 -0.00528226 -0.00580397 -0.00650945 -0.00749733 -0.00894278 -0.011182 -0.0149302 -0.0219422 -0.0375447 -0.0841215 -0.20189 0 0.20189 0.0841215 0.0375447 0.0219422 0.0149302 0.011182 0.00894278 0.00749733 0.00650945 0.00580397 0.00528226 0.0048853 0.00457602 0.00433017 0.00413135 0.00396813 0.00383235 0.00371809 0.00362092 0.0035375 0.00346527 0.00340224 0.00334685 0.00329785 
0.2 -0.00761909 -0.00784716 -0.00810472 -0.0083972 -0.00873139 -0.00911577 -0.00956111 -0.0100812 -0.010694 -0.0114232 -0.0123005 -0.013369 -0.0146891 -0.0163463 -0.0184663 -0.0212381 -0.0249577 -0.0301078 -0.0375165 -0.0486918 -0.0665788 -0.0973674 -0.154434 -0.255983 -0.29446 3.60822e-13 0.29446 0.255983 0.154434 0.0973674 0.0665788 0.0486918 0.0375165 0.0301078 0.0249577 0.0212381 0.0184663 0.0163463 0.0146891 0.013369 0.0123005 0.0114232 0.010694 0.0100812 0.00956111 0.00911577 0.00873139 0.0083972 0.00810472 0.00784716 
0.25 -0.0176213 -0.0184442 -0.0193731 -0.0204274 -0.0216305 -0.0230121 -0.024609 -0.0264686 -0.0286513 -0.031236 -0.0343268 -0.038063 -0.0426342 -0.0483032 -0.0554408 -0.0645809 -0.0765083 -0.0923974 -0.114026 -0.144063 -0.186227 -0.244197 -0.31427 -0.358281 -0.270925 -2.88658e-13 0.270925 0.358281 0.31427 0.244197 0.186227 0.144063 0.114026 0.0923974 0.0765083 0.0645809 0.0554408 0.0483032 0.0426342 0.038063 0.0343268 0.031236 0.0286513 0.0264686 0.024609 0.0230121 0.0216305 0.0204274 0.0193731 0.0184442 
0.3 -0.0390885 -0.0413378 -0.0438653 -0.0467183 -0.0499538 -0.0536421 -0.0578692 -0.0627419 -0.0683936 -0.0749918 -0.0827485 -0.0919328 -0.102889 -0.116054 -0.131986 -0.151374 -0.175044 -0.20388 -0.238566 -0.27889 -0.322062 -0.359331 -0.371079 -0.325793 -0.196957 -2.16493e-13 0.196957 0.325793 0.371079 0.359331 0.322062 0.27889 0.238566 0.20388 0.175044 0.151374 0.131986 0.116054 0.102889 0.0919328 0.0827485 0.0749918 0.0683936 0.0627419 0.0578692 0.0536421 0.0499538 0.0467183 0.0438653 0.0413378 
0.35 -0.0793767 -0.0841945 -0.0895491 -0.0955179 -0.102191 -0.109675 -0.118093 -0.127586 -0.138322 -0.150487 -0.164291 -0.179961 -0.197726 -0.217786 -0.240259 -0.265074 -0.291796 -0.319328 -0.345468 -0.366311 -0.375665 -0.364959 -0.324569 -0.24751 -0.134949 -4.32987e-13 0.134949 0.24751 0.324569 0.364959 0.375665 0.366311 0.345468 0.319328 0.291796 0.265074 0.240259 0.217786 0.197726 0.179961 0.164291 0.150487 0.138322 0.127586 0.118093 0.109675 0.102191 0.0955179 0.0895491 0.0841945 
0.4 -0.142598 -0.150635 -0.159384 -0.168914 -0.179295 -0.190595 -0.202881 -0.216212 -0.230624 -0.246125 -0.262669 -0.28013 -0.298261 -0.316639 -0.334596 -0.351131 -0.364812 -0.373702 -0.375319 -0.366733 -0.344844 -0.30695 -0.251557 -0.179275 -0.0934361 2.16493e-13 0.0934361 0.179275 0.251557 0.30695 0.344844 0.366733 0.375319 0.373702 0.364812 0.351131 0.334596 0.316639 0.298261 0.28013 0.262669 0.246125 0.230624 0.216212 0.202881 0.190595 0.179295 0.168914 0.159384 0.150635 
0.45 -0.222016 -0.232144 -0.242807 -0.253993 -0.265674 -0.277797 -0.290277 -0.302991 -0.315763 -0.32835 -0.340432 -0.351585 -0.361273 -0.36883 -0.373451 -0.374197 -0.370017 -0.359801 -0.342463 -0.317068 -0.282984 -0.240057 -0.18876 -0.130288 -0.0665425 2.88658e-13 0.0665425 0.130288 0.18876 0.240057 0.282984 0.317068 0.342463 0.359801 0.370017 0.374197 0.373451 0.36883 0.361273 0.351585 0.340432 0.32835 0.315763 0.302991 0.290277 0.277797 0.265674 0.253993 0.242807 0.232144 
0.5 -0.297981 -0.307163 -0.316334 -0.325394 -0.334219 -0.342656 -0.350523 -0.357603 -0.36364 -0.368339 -0.371363 -0.372338 -0.370856 -0.366485 -0.358782 -0.347316 -0.331693 -0.311591 -0.286793 -0.257226 -0.222995 -0.184411 -0.141998 -0.0964915 -0.0488079 4.32987e-13 0.0488079 0.0964915 0.141998 0.184411 0.222995 0.257226 0.286793 0.311591 0.331693 0.347316 0.358782 0.366485 0.370856 0.372338 0.371363 0.368339 0.36364 0.357603 0.350523 0.342656 0.334219 0.325394 0.316334 0.307163 
0.55 -0.349007 -0.354273 -0.358978 -0.363001 -0.366209 -0.368453 -0.369573 -0.369396 -0.367741 -0.36442 -0.359242 -0.352016 -0.342564 -0.33072 -0.316343 -0.299327 -0.279607 -0.257172 -0.23207 -0.204415 -0.174394 -0.142264 -0.108349 -0.0730372 -0.0367636 -2.88658e-13 0.0367636 0.0730372 0.108349 0.142264 0.174394 0.204415 0.23207 0.257172 0.279607 0.299327 0.316343 0.33072 0.342564 0.352016 0.359242 0.36442 0.367741 0.369396 0.369573 0.368453 0.366209 0.363001 0.358978 0.354273 
0.6 -0.366088 -0.366458 -0.366019 -0.364688 -0.362376 -0.358995 -0.354456 -0.348671 -0.341558 -0.333037 -0.323039 -0.311504 -0.298386 -0.283654 -0.267297 -0.249323 -0.229764 -0.208677 -0.186144 -0.162273 -0.137198 -0.111078 -0.0840924 -0.0564401 -0.0283346 7.21645e-14 0.0283346 0.0564401 0.0840924 0.111078 0.137198 0.162273 0.186144 0.208677 0.229764 0.249323 0.267297 0.283654 0.298386 0.311504 0.323039 0.333037 0.341558 0.348671 0.354456 0.358995 0.362376 0.364688 0.366019 0.366458 
0.65 -0.354585 -0.350958 -0.346562 -0.341352 -0.33529 -0.328338 -0.320463 -0.311633 -0.301826 -0.291021 -0.279207 -0.26638 -0.252543 -0.237709 -0.2219 -0.20515 -0.1875 -0.169003 -0.149723 -0.129732 -0.109114 -0.087957 -0.0663609 -0.0444295 -0.0222717 -7.21645e-14 0.0222717 0.0444295 0.0663609 0.087957 0.109114 0.129732 0.149723 0.169003 0.1875 0.20515 0.2219 0.237709 0.252543 0.26638 0.279207 0.291021 0.301826 0.311633 0.320463 0.328338 0.33529 0.341352 0.346562 0.350958 
0.7 -0.325893 -0.319837 -0.313173 -0.305887 -0.297967 -0.289404 -0.28019 -0.270321 -0.259798 -0.248624 -0.236806 -0.224356 -0.211289 -0.197624 -0.183387 -0.168606 -0.153313 -0.137547 -0.121347 -0.10476 -0.087834 -0.0706199 -0.0531723 -0.0355475 -0.0178037 -1.15463e-12 0.0178037 0.0355475 0.0531723 0.0706199 0.087834 0.10476 0.121347 0.137547 0.153313 0.168606 0.183387 0.197624 0.211289 0.224356 0.236806 0.248624 0.259798 0.270321 0.28019 0.289404 0.297967 0.305887 0.313173 0.319837 
0.75 -0.290122 -0.282995 -0.275433 -0.267435 -0.259001 -0.250132 -0.240831 -0.231104 -0.220956 -0.210397 -0.199437 -0.18809 -0.176369 -0.164291 -0.151875 -0.139142 -0.126113 -0.112812 -0.0992665 -0.0855021 -0.0715477 -0.0574332 -0.0431893 -0.0288475 -0.0144402 0 0.0144402 0.0288475 0.0431893 0.0574332 0.0715477 0.0855021 0.0992665 0.112812 0.126113 0.139142 0.151875 0.164291 0.176369 0.18809 0.199437 0.210397 0.220956 0.231104 0.240831 0.250132 0.259001 0.267435 0.275433 0.282995 
0.8 -0.2537 -0.246397 -0.238799 -0.230908 -0.222727 -0.214261 -0.205515 -0.196495 -0.18721 -0.177667 -0.167874 -0.157843 -0.147585 -0.137111 -0.126434 -0.115568 -0.104527 -0.0933263 -0.0819822 -0.070511 -0.0589297 -0.0472558 -0.0355075 -0.023703 -0.0118609 0 0.0118609 0.023703 0.0355075 0.0472558 0.0589297 0.070511 0.0819822 0.0933263 0.104527 0.115568 0.126434 0.137111 0.147585 0.157843 0.167874 0.177667 0.18721 0.196495 0.205515 0.214261 0.222727 0.230908 0.238799 0.246397 
0.85 -0.219882 -0.212902 -0.205724 -0.198352 -0.19079 -0.183042 -0.175114 -0.167011 -0.158739 -0.150304 -0.141713 -0.132974 -0.124093 -0.11508 -0.105942 -0.0966892 -0.0873303 -0.0778749 -0.068333 -0.0587148 -0.0490307 -0.0392913 -0.0295075 -0.0196903 -0.00985076 -2.88658e-13 0.00985076 0.0196903 0.0295075 0.0392913 0.0490307 0.0587148 0.068333 0.0778749 0.0873303 0.0966892 0.105942 0.11508 0.124093 0.132974 0.141713 0.150304 0.158739 0.167011 0.175114 0.183042 0.19079 0.198352 0.205724 0.212902 
0.9 -0.189933 -0.183505 -0.176947 -0.17026 -0.163448 -0.156515 -0.149465 -0.142302 -0.13503 -0.127654 -0.120178 -0.112609 -0.10495 -0.0972084 -0.0893885 -0.0814966 -0.0735387 -0.0655209 -0.0574495 -0.0493309 -0.0411716 -0.0329784 -0.0247578 -0.0165166 -0.00826174 5.05151e-13 0.00826174 0.0165166 0.0247578 0.0329784 0.0411716 0.0493309 0.0574495 0.0655209 0.0735387 0.0814966 0.0893885 0.0972084 0.10495 0.112609 0.120178 0.127654 0.13503 0.142302 0.149465 0.156515 0.163448 0.17026 0.176947 0.183505 
0.95 -0.164061 -0.158264 -0.152379 -0.146409 -0.140356 -0.134223 -0.128013 -0.121729 -0.115374 -0.108951 -0.102464 -0.0959163 -0.0893111 -0.0826522 -0.0759434 -0.0691885 -0.0623915 -0.0555563 -0.048687 -0.0417878 -0.0348627 -0.0279162 -0.0209523 -0.0139754 -0.00698988 -1.15463e-12 0.00698988 0.0139754 0.0209523 0.0279162 0.0348627 0.0417878 0.048687 0.0555563 0.0623915 0.0691885 0.0759434 0.0826522 0.0893111 0.0959163 0.102464 0.108951 0.115374 0.121729 0.128013 0.134223 0.140356 0.146409 0.152379 0.158264 
1 -0.141992 -0.136821 -0.131591 -0.126304 -0.120961 -0.115565 -0.110117 -0.10462 -0.0990756 -0.0934865 -0.0878549 -0.0821832 -0.0764738 -0.0707291 -0.0649517 -0.0591442 -0.0533091 -0.0474491 -0.0415669 -0.0356652 -0.0297467 -0.0238142 -0.0178705 -0.0119184 -0.0059606 -2.16493e-13 0.0059606 0.0119184 0.0178705 0.0238142 0.0297467 0.0356652 0.0415669 0.0474491 0.0533091 0.0591442 0.0649517 0.0707291 0.0764738 0.0821832 0.0878549 0.0934865 0.0990756 0.10462 0.110117 0.115565 0.120961 0.126304 0.131591 0.136821 
1.05 -0.123275 -0.118688 -0.114061 -0.109395 -0.104691 -0.0999501 -0.0951747 -0.0903659 -0.0855253 -0.0806545 -0.075755 -0.0708286 -0.0658768 -0.0609015 -0.0559042 -0.0508868 -0.045851 -0.0407985 -0.0357313 -0.0306511 -0.0255597 -0.0204589 -0.0153507 -0.010237 -0.00511941 5.05151e-13 0.00511941 0.010237 0.0153507 0.0204589 0.0255597 0.0306511 0.0357313 0.0407985 0.045851 0.0508868 0.0559042 0.0609015 0.0658768 0.0708286 0.075755 0.0806545 0.0855253 0.0903659 0.0951747 0.0999501 0.104691 0.109395 0.114061 0.118688 
1.1 -0.107426 -0.103366 -0.0992778 -0.0951625 -0.091021 -0.0868544 -0.0826638 -0.0784503 -0.0742148 -0.0699586 -0.0656828 -0.0613885 -0.0570768 -0.0527491 -0.0484063 -0.0440499 -0.0396808 -0.0353005 -0.0309101 -0.0265108 -0.022104 -0.0176908 -0.0132726 -0.00885049 -0.00442588 -2.16493e-13 0.00442588 0.00885049 0.0132726 0.0176908 0.022104 0.0265108 0.0309101 0.0353005 0.0396808 0.0440499 0.0484063 0.0527491 0.0570768 0.0613885 0.0656828 0.0699586 0.0742148 0.0784503 0.0826638 0.0868544 0.091021 0.0951625 0.0992778 0.103366 
1.15 -0.0939952 -0.0904013 -0.0867875 -0.0831546 -0.0795034 -0.0758346 -0.0721489 -0.0684472 -0.0647301 -0.0609986 -0.0572533 -0.0534952 -0.049725 -0.0459436 -0.0421518 -0.0383504 -0.0345403 -0.0307224 -0.0268975 -0.0230664 -0.01923 -0.0153893 -0.0115451 -0.00769818 -0.00384953 7.21645e-14 0.00384953 0.00769818 0.0115451 0.0153893 0.01923 0.0230664 0.0268975 0.0307224 0.0345403 0.0383504 0.0421518 0.0459436 0.049725 0.0534952 0.0572533 0.0609986 0.0647301 0.0684472 0.0721489 0.0758346 0.0795034 0.0831546 0.0867875 0.0904013 
1.2 -0.0825885 -0.0794029 -0.0762031 -0.0729897 -0.0697632 -0.0665241 -0.0632731 -0.0600107 -0.0567374 -0.0534538 -0.0501604 -0.046858 -0.043547 -0.040228 -0.0369017 -0.0335686 -0.0302294 -0.0268846 -0.0235349 -0.0201808 -0.016823 -0.0134621 -0.0100988 -0.00673356 -0.00336709 5.05151e-13 0.00336709 0.00673356 0.0100988 0.0134621 0.016823 0.0201808 0.0235349 0.0268846 0.0302294 0.0335686 0.0369017 0.040228 0.043547 0.046858 0.0501604 0.0534538 0.0567374 0.0600107 0.0632731 0.0665241 0.0697632 0.0729897 0.0762031 0.0794029 
1.25 -0.072871 -0.0700412 -0.0672012 -0.0643514 -0.0614921 -0.0586237 -0.0557467 -0.0528614 -0.0499683 -0.0470677 -0.0441602 -0.0412461 -0.0383258 -0.0353998 -0.0324685 -0.0295323 -0.0265918 -0.0236472 -0.0206991 -0.0177479 -0.014794 -0.0118378 -0.00887994 -0.00592071 -0.00296058 -3.60822e-13 0.00296058 0.00592071 0.00887994 0.0118378 0.014794 0.0177479 0.0206991 0.0236472 0.0265918 0.0295323 0.0324685 0.0353998 0.0383258 0.0412461 0.0441602 0.0470677 0.0499683 0.0528614 0.0557467 0.0586237 0.0614921 0.0643514 0.0672012 0.0700412 
1.3 -0.0645632 -0.0620429 -0.0595152 -0.0569802 -0.0544383 -0.0518897 -0.0493348 -0.0467739 -0.0442072 -0.0416351 -0.0390578 -0.0364758 -0.0338893 -0.0312986 -0.028704 -0.0261058 -0.0235045 -0.0209002 -0.0182934 -0.0156843 -0.0130732 -0.0104605 -0.00784651 -0.00523155 -0.00261594 -5.77316e-13 0.00261594 0.00523155 0.00784651 0.0104605 0.0130732 0.0156843 0.0182934 0.0209002 0.0235045 0.0261058 0.028704 0.0312986 0.0338893 0.0364758 0.0390578 0.0416351 0.0442072 0.0467739 0.0493348 0.0518897 0.0544383 0.0569802 0.0595152 0.0620429 
1.35 -0.0574335 -0.0551824 -0.0529257 -0.0506636 -0.0483964 -0.0461242 -0.0438473 -0.041566 -0.0392803 -0.0369907 -0.0346973 -0.0324003 -0.0300999 -0.0277965 -0.0254902 -0.0231813 -0.02087 -0.0185565 -0.0162412 -0.0139241 -0.0116056 -0.00928595 -0.0069653 -0.00464394 -0.00232209 2.16493e-13 0.00232209 0.00464394 0.0069653 0.00928595 0.0116056 0.0139241 0.0162412 0.0185565 0.02087 0.0231813 0.0254902 0.0277965 0.0300999 0.0324003 0.0346973 0.0369907 0.0392803 0.041566 0.0438473 0.0461242 0.0483964 0.0506636 0.0529257 0.0551824 
1.4 -0.051291 -0.0492741 -0.047253 -0.0452278 -0.0431988 -0.041166 -0.0391298 -0.0370901 -0.0350472 -0.0330014 -0.0309527 -0.0289013 -0.0268474 -0.0247911 -0.0227328 -0.0206724 -0.0186103 -0.0165466 -0.0144814 -0.012415 -0.0103475 -0.00827904 -0.00620991 -0.00414024 -0.00207021 2.88658e-13 0.00207021 0.00414024 0.00620991 0.00827904 0.0103475 0.012415 0.0144814 0.0165466 0.0186103 0.0206724 0.0227328 0.0247911 0.0268474 0.0289013 0.0309527 0.0330014 0.0350472 0.0370901 0.0391298 0.041166 0.0431988 0.0452278 0.047253 0.0492741 
1.45 -0.0459781 -0.0441654 -0.0423494 -0.0405304 -0.0387085 -0.0368837 -0.0350563 -0.0332262 -0.0313938 -0.029559 -0.0277221 -0.0258832 -0.0240423 -0.0221997 -0.0203555 -0.0185098 -0.0166627 -0.0148144 -0.0129649 -0.0111146 -0.0092634 -0.00741154 -0.00555913 -0.00370632 -0.00185323 -1.44329e-13 0.00185323 0.00370632 0.00555913 0.00741154 0.0092634 0.0111146 0.0129649 0.0148144 0.0166627 0.0185098 0.0203555 0.0221997 0.0240423 0.0258832 0.0277221 0.029559 0.0313938 0.0332262 0.0350563 0.0368837 0.0387085 0.0405304 0.0423494 0.0441654 
1.5 -0.0413647 -0.0397304 -0.0380936 -0.0364545 -0.0348131 -0.0331696 -0.0315239 -0.0298763 -0.0282269 -0.0265757 -0.0249228 -0.0232683 -0.0216124 -0.0199551 -0.0182966 -0.0166369 -0.0149762 -0.0133146 -0.0116521 -0.00998886 -0.00832501 -0.00666064 -0.00499584 -0.00333074 -0.00166542 -5.05151e-13 0.00166542 0.00333074 0.00499584 0.00666064 0.00832501 0.00998886 0.0116521 0.0133146 0.0149762 0.0166369 0.0182966 0.0199551 0.0216124 0.0232683 0.0249228 0.0265757 0.0282269 0.0298763 0.0315239 0.0331696 0.0348131 0.0364545 0.0380936 0.0397304 
1.55 -0.0373433 -0.0358653 -0.0343855 -0.0329037 -0.0314203 -0.0299351 -0.0284483 -0.02696 -0.0254703 -0.0239791 -0.0224867 -0.0209931 -0.0194983 -0.0180025 -0.0165057 -0.015008 -0.0135095 -0.0120103 -0.0105105 -0.00901002 -0.00750909 -0.00600776 -0.00450611 -0.00300421 -0.00150214 -3.60822e-13 0.00150214 0.00300421 0.00450611 0.00600776 0.00750909 0.00901002 0.0105105 0.0120103 0.0135095 0.015008 0.0165057 0.0180025 0.0194983 0.0209931 0.0224867 0.0239791 0.0254703 0.02696 0.0284483 0.0299351 0.0314203 0.0329037 0.0343855 0.0358653 
1.6 -0.0338248 -0.0324842 -0.0311421 -0.0297985 -0.0284536 -0.0271073 -0.0257597 -0.024411 -0.0230611 -0.0217102 -0.0203582 -0.0190053 -0.0176515 -0.0162969 -0.0149415 -0.0135854 -0.0122287 -0.0108714 -0.00951355 -0.0081553 -0.00679667 -0.00543772 -0.00407851 -0.00271911 -0.00135959 1.44329e-13 0.00135959 0.00271911 0.00407851 0.00543772 0.00679667 0.0081553 0.00951355 0.0108714 0.0122287 0.0135854 0.0149415 0.0162969 0.0176515 0.0190053 0.0203582 0.0217102 0.0230611 0.024411 0.0257597 0.0271073 0.0284536 0.0297985 0.0311421 0.0324842 
1.65 -0.0307351 -0.0295155 -0.0282947 -0.0270727 -0.0258497 -0.0246256 -0.0234005 -0.0221745 -0.0209476 -0.0197198 -0.0184912 -0.0172618 -0.0160318 -0.0148011 -0.0135698 -0.0123379 -0.0111056 -0.00987276 -0.00863955 -0.00740598 -0.00617211 -0.00493799 -0.00370367 -0.0024692 -0.00123462 -7.21645e-14 0.00123462 0.0024692 0.00370367 0.00493799 0.00617211 0.00740598 0.00863955 0.00987276 0.0111056 0.0123379 0.0135698 0.0148011 0.0160318 0.0172618 0.0184912 0.0197198 0.0209476 0.0221745 0.0234005 0.0246256 0.0258497 0.0270727 0.0282947 0.0295155 
1.7 -0.0280122 -0.0268996 -0.025786 -0.0246714 -0.023556 -0.0224398 -0.0213228 -0.020205 -0.0190864 -0.0179672 -0.0168474 -0.0157269 -0.0146059 -0.0134844 -0.0123624 -0.01124 -0.0101171 -0.00899389 -0.00787036 -0.00674655 -0.00562249 -0.00449823 -0.00337382 -0.00224928 -0.00112466 2.16493e-13 0.00112466 0.00224928 0.00337382 0.00449823 0.00562249 0.00674655 0.00787036 0.00899389 0.0101171 0.01124 0.0123624 0.0134844 0.0146059 0.0157269 0.0168474 0.0179672 0.0190864 0.020205 0.0213228 0.0224398 0.023556 0.0246714 0.025786 0.0268996 
1.75 -0.0256045 -0.0245867 -0.023568 -0.0225486 -0.0215285 -0.0205078 -0.0194864 -0.0184644 -0.0174418 -0.0164186 -0.015395 -0.0143708 -0.0133462 -0.0123212 -0.0112958 -0.01027 -0.00924396 -0.00821759 -0.00719095 -0.0061641 -0.00513704 -0.00410983 -0.00308249 -0.00205504 -0.00102754 -2.88658e-13 0.00102754 0.00205504 0.00308249 0.00410983 0.00513704 0.0061641 0.00719095 0.00821759 0.00924396 0.01027 0.0112958 0.0123212 0.0133462 0.0143708 0.015395 0.0164186 0.0174418 0.0184644 0.0194864 0.0205078 0.0215285 0.0225486 0.023568 0.0245867 
1.8 -0.0234684 -0.0225348 -0.0216006 -0.0206657 -0.0197303 -0.0187944 -0.0178579 -0.0169209 -0.0159834 -0.0150455 -0.0141072 -0.0131685 -0.0122294 -0.01129 -0.0103503 -0.00941028 -0.00847 -0.00752948 -0.00658876 -0.00564785 -0.00470678 -0.00376558 -0.00282428 -0.0018829 -0.000941461 5.05151e-13 0.000941461 0.0018829 0.00282428 0.00376558 0.00470678 0.00564785 0.00658876 0.00752948 0.00847 0.00941028 0.0103503 0.01129 0.0122294 0.0131685 0.0141072 0.0150455 0.0159834 0.0169209 0.0178579 0.0187944 0.0197303 0.0206657 0.0216006 0.0225348 
1.85 -0.0215673 -0.0207087 -0.0198497 -0.0189902 -0.0181303 -0.0172698 -0.016409 -0.0155477 -0.0146861 -0.0138241 -0.0129617 -0.0120991 -0.0112361 -0.0103729 -0.00950937 -0.00864563 -0.00778168 -0.00691753 -0.00605322 -0.00518875 -0.00432415 -0.00345945 -0.00259466 -0.00172981 -0.000864917 -4.32987e-13 0.000864917 0.00172981 0.00259466 0.00345945 0.00432415 0.00518875 0.00605322 0.00691753 0.00778168 0.00864563 0.00950937 0.0103729 0.0112361 0.0120991 0.0129617 0.0138241 0.0146861 0.0155477 0.016409 0.0172698 0.0181303 0.0189902 0.0198497 0.0207087 
1.9 -0.01987 -0.0190786 -0.0182868 -0.0174947 -0.0167021 -0.0159092 -0.0151159 -0.0143223 -0.0135283 -0.0127341 -0.0119396 -0.0111448 -0.0103498 -0.00955453 -0.00875906 -0.0079634 -0.00716756 -0.00637157 -0.00557543 -0.00477917 -0.0039828 -0.00318635 -0.00238982 -0.00159325 -0.000796631 1.44329e-13 0.000796631 0.00159325 0.00238982 0.00318635 0.0039828 0.00477917 0.00557543 0.00637157 0.00716756 0.0079634 0.00875906 0.00955453 0.0103498 0.0111448 0.0119396 0.0127341 0.0135283 0.0143223 0.0151159 0.0159092 0.0167021 0.0174947 0.0182868 0.0190786 
1.95 -0.0183502 -0.0176191 -0.0168876 -0.0161557 -0.0154236 -0.0146911 -0.0139584 -0.0132253 -0.012492 -0.0117585 -0.0110247 -0.0102907 -0.00955653 -0.00882214 -0.00808758 -0.00735286 -0.00661799 -0.00588299 -0.00514787 -0.00441265 -0.00367734 -0.00294196 -0.00220652 -0.00147104 -0.000735527 3.60822e-13 0.000735527 0.00147104 0.00220652 0.00294196 0.00367734 0.00441265 0.00514787 0.00588299 0.00661799 0.00735286 0.00808758 0.00882214 0.00955653 0.0102907 0.0110247 0.0117585 0.012492 0.0132253 0.0139584 0.0146911 0.0154236 0.0161557 0.0168876 0.0176191 
2 -0.0169856 -0.0163085 -0.0156312 -0.0149536 -0.0142757 -0.0135976 -0.0129192 -0.0122406 -0.0115618 -0.0108827 -0.0102035 -0.00952409 -0.00884451 -0.00816478 -0.00748489 -0.00680487 -0.00612473 -0.00544448 -0.00476414 -0.0040837 -0.0034032 -0.00272263 -0.00204202 -0.00136136 -0.000680688 1.44329e-13 0.000680688 0.00136136 0.00204202 0.00272263 0.0034032 0.0040837 0.00476414 0.00544448 0.00612473 0.00680487 0.00748489 0.00816478 0.00884451 0.00952409 0.0102035 0.0108827 0.0115618 0.0122406 0.0129192 0.0135976 0.0142757 0.0149536 0.0156312 0.0163085 
