0.05 0.00030483 0.000305181 0.000305533 0.000305885 0.000306238 0.000306591 0.000306945 0.000307299 0.000307654 0.00030801 0.000308366 0.000308722 0.00030908 0.000309437 0.000309796 0.000310154 0.000310514 0.000310874 0.000311234 0.000311595 0.000311957 0.000312319 0.000312682 0.000313045 649.756 1299.59 649.838 0.000313045 0.000312682 0.000312319 0.000311957 0.000311595 0.000311234 0.000310874 0.000310514 0.000310154 0.000309796 0.000309437 0.00030908 0.000308722 0.000308366 0.00030801 0.000307654 0.000307299 0.000306945 0.000306591 0.000306238 0.000305885 0.000305533 0.000305181 
0.1 0.00123358 0.00123503 0.00123649 0.00123794 0.0012394 0.00124086 0.00124233 0.00124379 0.00124526 0.00124673 0.0012482 0.00124968 0.00125116 0.00125264 0.00125412 0.0012556 0.00125709 0.00125858 0.00126007 0.00126157 0.00126307 0.00126456 0.00126607 0.00126758 649.185 1298.37 649.185 0.00126758 0.00126607 0.00126456 0.00126307 0.00126157 0.00126007 0.00125858 0.00125709 0.0012556 0.00125412 0.00125264 0.00125116 0.00124968 0.0012482 0.00124673 0.00124526 0.00124379 0.00124233 0.00124086 0.0012394 0.00123794 0.00123649 0.00123503 
0.15 0.00283039 0.00283384 0.0028373 0.00284076 0.00284423 0.00284771 0.00285119 0.00285468 0.00285817 0.00286167 0.00286518 0.00286869 0.00287221 0.00287573 0.00287927 0.0028828 0.00288635 0.0028899 0.00289347 0.00289704 0.00290063 0.00290427 0.00290804 0.00291278 648.157 1296.31 648.157 0.00291278 0.00290804 0.00290427 0.00290063 0.00289704 0.00289347 0.0028899 0.00288635 0.0028828 0.00287927 0.00287573 0.00287221 0.00286869 0.00286518 0.00286167 0.00285817 0.00285468 0.00285119 0.00284771 0.00284423 0.00284076 0.0028373 0.00283384 
0.2 0.00517359 0.00518022 0.00518687 0.00519353 0.00520021 0.00520689 0.0052136 0.00522032 0.00522705 0.0052338 0.00524056 0.00524735 0.00525416 0.00526099 0.00526786 0.00527476 0.00528173 0.00528879 0.00529602 0.00530356 0.00531182 0.00532202 0.00533951 0.00541017 646.697 1293.39 646.697 0.00541017 0.00533951 0.00532202 0.00531182 0.00530356 0.00529602 0.00528879 0.00528173 0.00527476 0.00526786 0.00526099 0.00525416 0.00524735 0.00524056 0.0052338 0.00522705 0.00522032 0.0052136 0.00520689 0.00520021 0.00519353 0.00518687 0.00518022 
0.25 0.00838404 0.00839556 0.00840713 0.00841874 0.00843039 0.00844209 0.00845384 0.00846566 0.00847756 0.00848956 0.00850168 0.00851396 0.00852645 0.00853924 0.00855248 0.00856638 0.00858137 0.00859819 0.00861841 0.00864546 0.00868818 0.00877415 0.00902282 0.010461 644.785 1289.56 644.785 0.010461 0.00902282 0.00877415 0.00868818 0.00864546 0.00861841 0.00859819 0.00858137 0.00856638 0.00855248 0.00853924 0.00852645 0.00851396 0.00850168 0.00848956 0.00847756 0.00846566 0.00845384 0.00844209 0.00843039 0.00841874 0.00840713 0.00839556 
0.3 0.0126422 0.0126618 0.0126816 0.0127015 0.0127218 0.0127425 0.0127636 0.0127852 0.0128075 0.0128308 0.0128554 0.0128816 0.0129103 0.0129425 0.0129799 0.0130256 0.0130845 0.0131663 0.0132905 0.0135004 0.0139072 0.0148579 0.0178556 0.0358204 642.389 1284.73 642.389 0.0358204 0.0178556 0.0148579 0.0139072 0.0135004 0.0132905 0.0131663 0.0130845 0.0130256 0.0129799 0.0129425 0.0129103 0.0128816 0.0128554 0.0128308 0.0128075 0.0127852 0.0127636 0.0127425 0.0127218 0.0127015 0.0126816 0.0126618 
0.35 0.0182362 0.018273 0.0183112 0.0183511 0.0183932 0.0184379 0.018486 0.0185385 0.0185967 0.0186625 0.0187386 0.0188289 0.0189393 0.0190791 0.0192628 0.0195153 0.0198798 0.0204376 0.0213526 0.0229914 0.0262924 0.034187 0.0593663 0.210875 639.434 1278.52 639.434 0.210875 0.0593663 0.034187 0.0262924 0.0229914 0.0213526 0.0204376 0.0198798 0.0195153 0.0192628 0.0190791 0.0189393 0.0188289 0.0187386 0.0186625 0.0185967 0.0185385 0.018486 0.0184379 0.0183932 0.0183511 0.0183112 0.018273 
0.4 0.0257245 0.0258162 0.0259163 0.0260269 0.0261506 0.0262906 0.0264517 0.0266398 0.0268635 0.0271347 0.0274701 0.0278947 0.0284458 0.0291811 0.0301933 0.0316378 0.0337876 0.037154 0.0427699 0.052943 0.073581 0.123134 0.281418 1.23224 635.674 1269.29 635.674 1.23224 0.281418 0.123134 0.073581 0.052943 0.0427699 0.037154 0.0337876 0.0316378 0.0301933 0.0291811 0.0284458 0.0278947 0.0274701 0.0271347 0.0268635 0.0266398 0.0264517 0.0262906 0.0261506 0.0260269 0.0259163 0.0258162 
0.45 0.036483 0.0367838 0.0371266 0.0375215 0.0379814 0.0385234 0.0391703 0.0399529 0.0409138 0.0421123 0.0436337 0.0456026 0.0482064 0.0517354 0.0566556 0.0637467 0.0743809 0.0911248 0.119164 0.170078 0.273484 0.521747 1.31305 6.01177 630.207 1250.32 630.207 6.01177 1.31305 0.521747 0.273484 0.170078 0.119164 0.0911248 0.0743809 0.0637467 0.0566556 0.0517354 0.0482064 0.0456026 0.0436337 0.0421123 0.0409138 0.0399529 0.0391703 0.0385234 0.0379814 0.0375215 0.0371266 0.0367838 
0.5 0.0543339 0.0554081 0.0566583 0.0581263 0.0598667 0.061951 0.064475 0.0675679 0.0714082 0.0762454 0.0824367 0.090505 0.101236 0.115846 0.136288 0.165829 0.210211 0.280168 0.397358 0.610049 1.04131 2.07267 5.32628 23.7908 620.03 1200.32 620.03 23.7908 5.32628 2.07267 1.04131 0.610049 0.397358 0.280168 0.210211 0.165829 0.136288 0.115846 0.101236 0.090505 0.0824367 0.0762454 0.0714082 0.0675679 0.064475 0.061951 0.0598667 0.0581263 0.0566583 0.0554081 
0.55 0.0898158 0.0934785 0.0977774 0.102864 0.108935 0.11625 0.125155 0.136116 0.149778 0.167043 0.189199 0.218132 0.256673 0.309201 0.382736 0.489001 0.648559 0.89973 1.31949 2.07825 3.60575 7.2074 18.1813 72.4916 596.936 1075.48 596.936 72.4916 18.1813 7.2074 3.60575 2.07825 1.31949 0.89973 0.648559 0.489001 0.382736 0.309201 0.256673 0.218132 0.189199 0.167043 0.149778 0.136116 0.125155 0.11625 0.108935 0.102864 0.0977774 0.0934785 
0.6 0.170018 0.181439 0.194887 0.210845 0.229938 0.25299 0.281099 0.315747 0.358973 0.41363 0.483786 0.575382 0.697315 0.86331 1.09527 1.4296 1.92969 2.71262 4.0104 6.32639 10.889 21.2134 49.8382 155.24 545.263 851.249 545.263 155.24 49.8382 21.2134 10.889 6.32639 4.0104 2.71262 1.92969 1.4296 1.09527 0.86331 0.697315 0.575382 0.483786 0.41363 0.358973 0.315747 0.281099 0.25299 0.229938 0.210845 0.194887 0.181439 
0.65 0.358313 0.390598 0.428647 0.473822 0.527886 0.593158 0.672718 0.770718 0.892846 1.04703 1.24452 1.50166 1.84274 2.30495 2.94695 3.86488 5.22317 7.31776 10.7147 16.5781 27.5194 49.9962 101.355 224.936 453.463 594.486 453.463 224.936 101.355 49.9962 27.5194 16.5781 10.7147 7.31776 5.22317 3.86488 2.94695 2.30495 1.84274 1.50166 1.24452 1.04703 0.892846 0.770718 0.672718 0.593158 0.527886 0.473822 0.428647 0.390598 
0.7 0.787135 0.869672 0.966835 1.08202 1.21962 1.38536 1.58681 1.83411 2.14101 2.5265 3.01726 3.65143 4.48482 5.60098 7.12837 9.27044 12.36 16.9614 24.0679 35.4922 54.6258 87.7391 145.011 235.097 339.008 389.037 339.008 235.097 145.011 87.7391 54.6258 35.4922 24.0679 16.9614 12.36 9.27044 7.12837 5.60098 4.48482 3.65143 3.01726 2.5265 2.14101 1.83411 1.58681 1.38536 1.21962 1.08202 0.966835 0.869672 
0.75 1.69456 1.88375 2.10561 2.36742 2.67854 3.05101 3.50053 4.04777 4.7203 5.55533 6.60376 7.93624 9.65222 11.894 14.868 18.8788 24.38 32.0526 42.9132 58.4353 80.5832 111.433 151.661 197.216 236.079 251.769 236.079 197.216 151.661 111.433 80.5832 58.4353 42.9132 32.0526 24.38 18.8788 14.868 11.894 9.65222 7.93624 6.60376 5.55533 4.7203 4.04777 3.50053 3.05101 2.67854 2.36742 2.10561 1.88375 
0.8 3.4142 3.795 4.23772 4.75515 5.36329 6.08225 6.93754 7.96165 9.19632 10.6955 12.5291 14.7888 17.5942 21.102 25.5165 31.1004 38.1836 47.1604 58.4592 72.4534 89.2713 108.471 128.633 147.111 160.379 165.239 160.379 147.111 128.633 108.471 89.2713 72.4534 58.4592 47.1604 38.1836 31.1004 25.5165 21.102 17.5942 14.7888 12.5291 10.6955 9.19632 7.96165 6.93754 6.08225 5.36329 4.75515 4.23772 3.795 
0.85 6.20126 6.85087 7.59448 8.44866 9.4333 10.5723 11.8945 13.4343 15.2334 17.3412 19.8164 22.7278 26.1543 30.1838 34.91 40.4242 46.8018 54.0802 62.2256 71.091 80.3704 89.5668 97.9959 104.855 109.36 110.933 109.36 104.855 97.9959 89.5668 80.3704 71.091 62.2256 54.0802 46.8018 40.4242 34.91 30.1838 26.1543 22.7278 19.8164 17.3412 15.2334 13.4343 11.8945 10.5723 9.4333 8.44866 7.59448 6.85087 
0.9 9.82967 10.7303 11.7372 12.8643 14.1271 15.5429 17.1308 18.9115 20.907 23.14 25.633 28.4066 31.478 34.8572 38.5437 42.5215 46.7534 51.176 55.6938 60.1773 64.4639 68.365 71.6799 74.2153 75.8092 76.3532 75.8092 74.2153 71.6799 68.365 64.4639 60.1773 55.6938 51.176 46.7534 42.5215 38.5437 34.8572 31.478 28.4066 25.633 23.14 20.907 18.9115 17.1308 15.5429 14.1271 12.8643 11.7372 10.7303 
0.95 13.3247 14.3115 15.3825 16.5439 17.8016 19.1613 20.6281 22.206 23.8976 25.7036 27.622 29.6472 31.7697 33.9748 36.242 38.5445 40.8486 43.114 45.2944 47.3385 49.1923 50.8017 52.1155 53.0893 53.6883 53.8905 53.6883 53.0893 52.1155 50.8017 49.1923 47.3385 45.2944 43.114 40.8486 38.5445 36.242 33.9748 31.7697 29.6472 27.622 25.7036 23.8976 22.206 20.6281 19.1613 17.8016 16.5439 15.3825 14.3115 
1 15.4894 16.3507 17.2574 18.2097 19.2072 20.2489 21.3328 22.4562 23.6152 24.8047 26.0182 27.2478 28.4842 29.7165 30.9323 32.118 33.2587 34.3388 35.3421 36.2525 37.0542 37.7327 38.275 38.6706 38.9112 38.992 38.9112 38.6706 38.275 37.7327 37.0542 36.2525 35.3421 34.3388 33.2587 32.118 30.9323 29.7165 28.4842 27.2478 26.0182 24.8047 23.6152 22.4562 21.3328 20.2489 19.2072 18.2097 17.2574 16.3507 
1.05 15.8561 16.4829 17.1255 17.7823 18.4517 19.1313 19.8188 20.5112 21.2052 21.8974 22.5837 23.2597 23.9208 24.5621 25.1785 25.7648 26.3156 26.8256 27.2898 27.7034 28.0617 28.3607 28.5971 28.768 28.8714 28.906 28.8714 28.768 28.5971 28.3607 28.0617 27.7034 27.2898 26.8256 26.3156 25.7648 25.1785 24.5621 23.9208 23.2597 22.5837 21.8974 21.2052 20.5112 19.8188 19.1313 18.4517 17.7823 17.1255 16.4829 
1.1 14.8462 15.251 15.6576 16.0649 16.4715 16.8762 17.2774 17.6735 18.0628 18.4437 18.8143 19.1728 19.5174 19.846 20.1568 20.448 20.7177 20.9643 21.1861 21.3817 21.5495 21.6886 21.7978 21.8764 21.9238 21.9396 21.9238 21.8764 21.7978 21.6886 21.5495 21.3817 21.1861 20.9643 20.7177 20.448 20.1568 19.846 19.5174 19.1728 18.8143 18.4437 18.0628 17.6735 17.2774 16.8762 16.4715 16.0649 15.6576 15.251 
1.15 13.1719 13.4174 13.6604 13.9004 14.1367 14.3687 14.5955 14.8166 15.0311 15.2384 15.4378 15.6284 15.8095 15.9806 16.1408 16.2895 16.4262 16.5501 16.6608 16.7578 16.8407 16.909 16.9625 17.0009 17.0239 17.0317 17.0239 17.0009 16.9625 16.909 16.8407 16.7578 16.6608 16.5501 16.4262 16.2895 16.1408 15.9806 15.8095 15.6284 15.4378 15.2384 15.0311 14.8166 14.5955 14.3687 14.1367 13.9004 13.6604 13.4174 
1.2 11.3677 11.5133 11.656 11.7956 11.9317 12.0642 12.1926 12.3166 12.436 12.5505 12.6598 12.7635 12.8614 12.9532 13.0387 13.1177 13.1898 13.255 13.313 13.3635 13.4066 13.442 13.4697 13.4895 13.5014 13.5054 13.5014 13.4895 13.4697 13.442 13.4066 13.3635 13.313 13.255 13.1898 13.1177 13.0387 12.9532 12.8614 12.7635 12.6598 12.5505 12.436 12.3166 12.1926 12.0642 11.9317 11.7956 11.656 11.5133 
1.25 9.70534 9.79189 9.87622 9.95817 10.0376 10.1144 10.1885 10.2596 10.3278 10.3927 10.4544 10.5127 10.5675 10.6188 10.6662 10.7099 10.7498 10.7856 10.8174 10.8451 10.8686 10.888 10.903 10.9138 10.9203 10.9225 10.9203 10.9138 10.903 10.888 10.8686 10.8451 10.8174 10.7856 10.7498 10.7099 10.6662 10.6188 10.5675 10.5127 10.4544 10.3927 10.3278 10.2596 10.1885 10.1144 10.0376 9.95817 9.87622 9.79189 
1.3 8.27873 8.3311 8.38189 8.43105 8.47852 8.52422 8.56811 8.61013 8.65022 8.68832 8.7244 8.75839 8.79025 8.81993 8.8474 8.87262 8.89555 8.91615 8.9344 8.95028 8.96375 8.9748 8.9834 8.98956 8.99326 8.9945 8.99326 8.98956 8.9834 8.9748 8.96375 8.95028 8.9344 8.91615 8.89555 8.87262 8.8474 8.81993 8.79025 8.75839 8.7244 8.68832 8.65022 8.61013 8.56811 8.52422 8.47852 8.43105 8.38189 8.3311 
1.35 7.09379 7.12625 7.15764 7.18793 7.2171 7.24511 7.27193 7.29755 7.32194 7.34507 7.36692 7.38746 7.40669 7.42457 7.44109 7.45623 7.46998 7.48232 7.49324 7.50272 7.51077 7.51736 7.52249 7.52617 7.52837 7.52911 7.52837 7.52617 7.52249 7.51736 7.51077 7.50272 7.49324 7.48232 7.46998 7.45623 7.44109 7.42457 7.40669 7.38746 7.36692 7.34507 7.32194 7.29755 7.27193 7.24511 7.2171 7.18793 7.15764 7.12625 
1.4 6.12236 6.14303 6.16298 6.18219 6.20065 6.21834 6.23526 6.25139 6.26672 6.28124 6.29493 6.30779 6.31981 6.33097 6.34127 6.35071 6.35926 6.36694 6.37372 6.37962 6.38461 6.3887 6.39188 6.39416 6.39553 6.39598 6.39553 6.39416 6.39188 6.3887 6.38461 6.37962 6.37372 6.36694 6.35926 6.35071 6.34127 6.33097 6.31981 6.30779 6.29493 6.28124 6.26672 6.25139 6.23526 6.21834 6.20065 6.18219 6.16298 6.14303 
1.45 5.32807 5.34159 5.35463 5.36716 5.37919 5.39071 5.4017 5.41217 5.42211 5.43152 5.44038 5.44869 5.45645 5.46366 5.4703 5.47638 5.4819 5.48684 5.4912 5.49499 5.4982 5.50083 5.50288 5.50434 5.50522 5.50551 5.50522 5.50434 5.50288 5.50083 5.4982 5.49499 5.4912 5.48684 5.4819 5.47638 5.4703 5.46366 5.45645 5.44869 5.44038 5.43152 5.42211 5.41217 5.4017 5.39071 5.37919 5.36716 5.35463 5.34159 
1.5 4.67664 4.68573 4.69448 4.70288 4.71094 4.71865 4.726 4.733 4.73963 4.74591 4.75181 4.75735 4.76252 4.76731 4.77173 4.77577 4.77943 4.78271 4.78561 4.78813 4.79025 4.792 4.79336 4.79433 4.79491 4.7951 4.79491 4.79433 4.79336 4.792 4.79025 4.78813 4.78561 4.78271 4.77943 4.77577 4.77173 4.76731 4.76252 4.75735 4.75181 4.74591 4.73963 4.733 4.726 4.71865 4.71094 4.70288 4.69448 4.68573 
1.55 4.13917 4.14543 4.15145 4.15723 4.16277 4.16806 4.17311 4.17791 4.18246 4.18676 4.1908 4.1946 4.19813 4.20141 4.20443 4.20719 4.2097 4.21194 4.21392 4.21563 4.21709 4.21828 4.2192 4.21986 4.22026 4.22039 4.22026 4.21986 4.2192 4.21828 4.21709 4.21563 4.21392 4.21194 4.2097 4.20719 4.20443 4.20141 4.19813 4.1946 4.1908 4.18676 4.18246 4.17791 4.17311 4.16806 4.16277 4.15723 4.15145 4.14543 
1.6 3.69238 3.69679 3.70104 3.70511 3.70901 3.71273 3.71628 3.71965 3.72285 3.72587 3.72871 3.73137 3.73385 3.73615 3.73827 3.74021 3.74196 3.74353 3.74492 3.74612 3.74714 3.74797 3.74862 3.74908 3.74936 3.74945 3.74936 3.74908 3.74862 3.74797 3.74714 3.74612 3.74492 3.74353 3.74196 3.74021 3.73827 3.73615 3.73385 3.73137 3.72871 3.72587 3.72285 3.71965 3.71628 3.71273 3.70901 3.70511 3.70104 3.69679 
1.65 3.31795 3.32113 3.32419 3.32712 3.32992 3.3326 3.33516 3.33758 3.33988 3.34205 3.34408 3.34599 3.34777 3.34942 3.35094 3.35233 3.35359 3.35471 3.35571 3.35657 3.3573 3.3579 3.35836 3.35869 3.35889 3.35896 3.35889 3.35869 3.35836 3.3579 3.3573 3.35657 3.35571 3.35471 3.35359 3.35233 3.35094 3.34942 3.34777 3.34599 3.34408 3.34205 3.33988 3.33758 3.33516 3.3326 3.32992 3.32712 3.32419 3.32113 
1.7 3.00159 3.00392 3.00617 3.00832 3.01038 3.01234 3.01421 3.01599 3.01768 3.01926 3.02076 3.02216 3.02346 3.02467 3.02578 3.0268 3.02772 3.02854 3.02927 3.0299 3.03043 3.03087 3.03121 3.03145 3.0316 3.03165 3.0316 3.03145 3.03121 3.03087 3.03043 3.0299 3.02927 3.02854 3.02772 3.0268 3.02578 3.02467 3.02346 3.02216 3.02076 3.01926 3.01768 3.01599 3.01421 3.01234 3.01038 3.00832 3.00617 3.00392 
1.75 2.73211 2.73386 2.73554 2.73715 2.73869 2.74015 2.74155 2.74288 2.74414 2.74532 2.74644 2.74748 2.74846 2.74936 2.75019 2.75095 2.75163 2.75225 2.75279 2.75326 2.75366 2.75398 2.75424 2.75442 2.75453 2.75456 2.75453 2.75442 2.75424 2.75398 2.75366 2.75326 2.75279 2.75225 2.75163 2.75095 2.75019 2.74936 2.74846 2.74748 2.74644 2.74532 2.74414 2.74288 2.74155 2.74015 2.73869 2.73715 2.73554 2.73386 
1.8 2.50081 2.50213 2.50341 2.50463 2.5058 2.50692 2.50798 2.50899 2.50994 2.51084 2.51169 2.51248 2.51322 2.51391 2.51454 2.51511 2.51563 2.5161 2.51651 2.51687 2.51717 2.51742 2.51761 2.51774 2.51783 2.51785 2.51783 2.51774 2.51761 2.51742 2.51717 2.51687 2.51651 2.5161 2.51563 2.51511 2.51454 2.51391 2.51322 2.51248 2.51169 2.51084 2.50994 2.50899 2.50798 2.50692 2.5058 2.50463 2.50341 2.50213 
1.85 2.3008 2.30183 2.30281 2.30375 2.30465 2.30552 2.30633 2.30711 2.30785 2.30854 2.3092 2.30981 2.31038 2.3109 2.31139 2.31183 2.31223 2.31259 2.31291 2.31318 2.31342 2.31361 2.31376 2.31386 2.31392 2.31395 2.31392 2.31386 2.31376 2.31361 2.31342 2.31318 2.31291 2.31259 2.31223 2.31183 2.31139 2.3109 2.31038 2.30981 2.3092 2.30854 2.30785 2.30711 2.30633 2.30552 2.30465 2.30375 2.30281 2.30183 
1.9 2.12666 2.12747 2.12824 2.12898 2.12968 2.13035 2.13099 2.1316 2.13218 2.13272 2.13323 2.13371 2.13416 2.13457 2.13495 2.13529 2.13561 2.13589 2.13614 2.13635 2.13653 2.13668 2.1368 2.13688 2.13693 2.13694 2.13693 2.13688 2.1368 2.13668 2.13653 2.13635 2.13614 2.13589 2.13561 2.13529 2.13495 2.13457 2.13416 2.13371 2.13323 2.13272 2.13218 2.1316 2.13099 2.13035 2.12968 2.12898 2.12824 2.12747 
1.95 1.97407 1.97471 1.97532 1.97591 1.97646 1.977 1.97751 1.97799 1.97844 1.97887 1.97928 1.97966 1.98001 1.98033 1.98063 1.98091 1.98116 1.98138 1.98158 1.98175 1.98189 1.98201 1.9821 1.98216 1.9822 1.98222 1.9822 1.98216 1.9821 1.98201 1.98189 1.98175 1.98158 1.98138 1.98116 1.98091 1.98063 1.98033 1.98001 1.97966 1.97928 1.97887 1.97844 1.97799 1.97751 1.977 1.97646 1.97591 1.97532 1.97471 
2 1.83956 1.84007 1.84056 1.84102 1.84147 1.8419 1.84231 1.84269 1.84306 1.8434 1.84373 1.84403 1.84431 1.84457 1.84481 1.84503 1.84523 1.84541 1.84557 1.8457 1.84582 1.84591 1.84599 1.84604 1.84607 1.84608 1.84607 1.84604 1.84599 1.84591 1.84582 1.8457 1.84557 1.84541 1.84523 1.84503 1.84481 1.84457 1.84431 1.84403 1.84373 1.8434 1.84306 1.84269 1.84231 1.8419 1.84147 1.84102 1.84056 1.84007 
