0.05 -0.000304829 -0.00030518 -0.000305532 -0.000305885 -0.000306237 -0.000306591 -0.000306945 -0.0003073 -0.000307655 -0.000308011 -0.000308367 -0.000308724 -0.000309082 -0.000309441 -0.0003098 -0.00031016 -0.000310521 -0.000310884 -0.000311248 -0.000311615 -0.000311987 -0.000312368 -0.000312775 -0.000313298 -0.000915548 -6.4948e-13 0.000915548 0.000313298 0.000312775 0.000312368 0.000311987 0.000311615 0.000311248 0.000310884 0.000310521 0.00031016 0.0003098 0.000309441 0.000309082 0.000308724 0.000308367 0.000308011 0.000307655 0.0003073 0.000306945 0.000306591 0.000306237 0.000305885 0.000305532 0.00030518 
0.1 -0.00123376 -0.00123524 -0.00123672 -0.00123821 -0.00123971 -0.00124122 -0.00124273 -0.00124426 -0.0012458 -0.00124736 -0.00124893 -0.00125054 -0.00125217 -0.00125386 -0.0012556 -0.00125743 -0.00125938 -0.00126153 -0.00126398 -0.00126699 -0.00127103 -0.0012774 -0.00129026 -0.00133232 -0.010824 -1.0103e-12 0.010824 0.00133232 0.00129026 0.0012774 0.00127103 0.00126699 0.00126398 0.00126153 0.00125938 0.00125743 0.0012556 0.00125386 0.00125217 0.00125054 0.00124893 0.00124736 0.0012458 0.00124426 0.00124273 0.00124122 0.00123971 0.00123821 0.00123672 0.00123524 
0.15 -0.00283672 -0.00284084 -0.00284506 -0.00284938 -0.00285384 -0.00285847 -0.00286328 -0.00286834 -0.00287368 -0.0028794 -0.00288558 -0.00289237 -0.00289995 -0.00290862 -0.00291877 -0.00293105 -0.00294645 -0.00296668 -0.00299477 -0.00303661 -0.00310495 -0.00323217 -0.00352415 -0.00455594 -0.0500085 -2.02061e-12 0.0500085 0.00455594 0.00352415 0.00323217 0.00310495 0.00303661 0.00299477 0.00296668 0.00294645 0.00293105 0.00291877 0.00290862 0.00289995 0.00289237 0.00288558 0.0028794 0.00287368 0.00286834 0.00286328 0.00285847 0.00285384 0.00284938 0.00284506 0.00284084 
0.2 -0.00524205 -0.00525529 -0.00526944 -0.00528466 -0.00530116 -0.00531919 -0.00533909 -0.00536128 -0.00538631 -0.00541493 -0.00544813 -0.00548725 -0.0055342 -0.00559174 -0.00566391 -0.00575695 -0.0058808 -0.00605216 -0.00630089 -0.00668493 -0.00732956 -0.00855189 -0.0113829 -0.0213018 -0.144615 -6.4948e-13 0.144615 0.0213018 0.0113829 0.00855189 0.00732956 0.00668493 0.00630089 0.00605216 0.0058808 0.00575695 0.00566391 0.00559174 0.0055342 0.00548725 0.00544813 0.00541493 0.00538631 0.00536128 0.00533909 0.00531919 0.00530116 0.00528466 0.00526944 0.00525529 
0.25 -0.00880131 -0.00885164 -0.00890723 -0.00896903 -0.00903826 -0.00911645 -0.00920552 -0.00930797 -0.00942704 -0.00956703 -0.00973374 -0.00993508 -0.0101822 -0.0104911 -0.0108855 -0.0114016 -0.0120972 -0.0130692 -0.0144903 -0.0166939 -0.0203951 -0.0273787 -0.0432622 -0.0947013 -0.303921 -1.37113e-12 0.303921 0.0947013 0.0432622 0.0273787 0.0203951 0.0166939 0.0144903 0.0130692 0.0120972 0.0114016 0.0108855 0.0104911 0.0101822 0.00993508 0.00973374 0.00956703 0.00942704 0.00930797 0.00920552 0.00911645 0.00903826 0.00896903 0.00890723 0.00885164 
0.3 -0.014431 -0.0146133 -0.0148177 -0.0150481 -0.0153096 -0.0156085 -0.015953 -0.0163535 -0.0168235 -0.0173808 -0.0180496 -0.0188627 -0.0198663 -0.0211263 -0.0227403 -0.0248564 -0.0277097 -0.0316908 -0.0374868 -0.0463993 -0.0611369 -0.0880878 -0.145025 -0.288738 -0.480085 8.65974e-13 0.480085 0.288738 0.145025 0.0880878 0.0611369 0.0463993 0.0374868 0.0316908 0.0277097 0.0248564 0.0227403 0.0211263 0.0198663 0.0188627 0.0180496 0.0173808 0.0168235 0.0163535 0.015953 0.0156085 0.0153096 0.0150481 0.0148177 0.0146133 
0.35 -0.0242425 -0.0248166 -0.0254632 -0.0261957 -0.0270307 -0.027989 -0.0290969 -0.0303881 -0.0319066 -0.0337098 -0.0358751 -0.0385072 -0.0417521 -0.0458166 -0.0510025 -0.0577622 -0.0667989 -0.079248 -0.0970313 -0.123577 -0.165357 -0.235151 -0.356907 -0.544776 -0.565493 -2.88658e-13 0.565493 0.544776 0.356907 0.235151 0.165357 0.123577 0.0970313 0.079248 0.0667989 0.0577622 0.0510025 0.0458166 0.0417521 0.0385072 0.0358751 0.0337098 0.0319066 0.0303881 0.0290969 0.027989 0.0270307 0.0261957 0.0254632 0.0248166 
0.4 -0.0424587 -0.0440136 -0.0457662 -0.0477524 -0.0500162 -0.0526125 -0.0556105 -0.059098 -0.0631879 -0.0680273 -0.0738101 -0.0807962 -0.0893392 -0.099929 -0.113257 -0.13032 -0.152581 -0.182234 -0.222596 -0.278653 -0.357361 -0.465608 -0.596467 -0.678219 -0.512341 7.21645e-14 0.512341 0.678219 0.596467 0.465608 0.357361 0.278653 0.222596 0.182234 0.152581 0.13032 0.113257 0.099929 0.0893392 0.0807962 0.0738101 0.0680273 0.0631879 0.059098 0.0556105 0.0526125 0.0500162 0.0477524 0.0457662 0.0440136 
0.45 -0.0762759 -0.0799158 -0.084007 -0.0886269 -0.0938703 -0.0998532 -0.106719 -0.114648 -0.123864 -0.134653 -0.14738 -0.162514 -0.180662 -0.202617 -0.229409 -0.262372 -0.303187 -0.353858 -0.416409 -0.49186 -0.57735 -0.659345 -0.701462 -0.635905 -0.394411 0 0.394411 0.635905 0.701462 0.659345 0.57735 0.49186 0.416409 0.353858 0.303187 0.262372 0.229409 0.202617 0.180662 0.162514 0.14738 0.134653 0.123864 0.114648 0.106719 0.0998532 0.0938703 0.0886269 0.084007 0.0799158 
0.5 -0.135512 -0.142842 -0.151018 -0.160169 -0.17045 -0.182045 -0.195172 -0.210091 -0.227114 -0.24661 -0.269013 -0.294831 -0.324636 -0.359047 -0.398669 -0.443961 -0.494965 -0.550788 -0.608681 -0.662531 -0.700803 -0.704718 -0.649199 -0.510869 -0.284753 1.37113e-12 0.284753 0.510869 0.649199 0.704718 0.700803 0.662531 0.608681 0.550788 0.494965 0.443961 0.398669 0.359047 0.324636 0.294831 0.269013 0.24661 0.227114 0.210091 0.195172 0.182045 0.17045 0.160169 0.151018 0.142842 
0.55 -0.22878 -0.241225 -0.254902 -0.269957 -0.286554 -0.304869 -0.325097 -0.347441 -0.372104 -0.399279 -0.429118 -0.461695 -0.496937 -0.534524 -0.573739 -0.613249 -0.650814 -0.682926 -0.704447 -0.7084 -0.686211 -0.628843 -0.52914 -0.385209 -0.203575 5.05151e-13 0.203575 0.385209 0.52914 0.628843 0.686211 0.7084 0.704447 0.682926 0.650814 0.613249 0.573739 0.534524 0.496937 0.461695 0.429118 0.399279 0.372104 0.347441 0.325097 0.304869 0.286554 0.269957 0.254902 0.241225 
0.6 -0.354694 -0.371893 -0.390334 -0.410077 -0.43117 -0.453638 -0.477469 -0.502601 -0.528894 -0.556105 -0.583844 -0.611529 -0.63832 -0.663054 -0.68417 -0.699643 -0.706951 -0.703099 -0.684757 -0.648542 -0.591499 -0.511739 -0.409159 -0.286037 -0.147263 2.16493e-13 0.147263 0.286037 0.409159 0.511739 0.591499 0.648542 0.684757 0.703099 0.706951 0.699643 0.68417 0.663054 0.63832 0.611529 0.583844 0.556105 0.528894 0.502601 0.477469 0.453638 0.43117 0.410077 0.390334 0.371893 
0.65 -0.493082 -0.511529 -0.530559 -0.550069 -0.569915 -0.589898 -0.609756 -0.629148 -0.647639 -0.664684 -0.679612 -0.691613 -0.699729 -0.702855 -0.699753 -0.689092 -0.6695 -0.639666 -0.598455 -0.54506 -0.479165 -0.401095 -0.311928 -0.21353 -0.1085 -7.21645e-14 0.1085 0.21353 0.311928 0.401095 0.479165 0.54506 0.598455 0.639666 0.6695 0.689092 0.699753 0.702855 0.699729 0.691613 0.679612 0.664684 0.647639 0.629148 0.609756 0.589898 0.569915 0.550069 0.530559 0.511529 
0.7 -0.609032 -0.623273 -0.637047 -0.650138 -0.662289 -0.673204 -0.682537 -0.689898 -0.694848 -0.6969 -0.695526 -0.690161 -0.680224 -0.665126 -0.644304 -0.617246 -0.583529 -0.542857 -0.495104 -0.440348 -0.378906 -0.311351 -0.238512 -0.161465 -0.0814848 9.38138e-13 0.0814848 0.161465 0.238512 0.311351 0.378906 0.440348 0.495104 0.542857 0.583529 0.617246 0.644304 0.665126 0.680224 0.690161 0.695526 0.6969 0.694848 0.689898 0.682537 0.673204 0.662289 0.650138 0.637047 0.623273 
0.75 -0.673234 -0.679351 -0.684201 -0.687577 -0.689257 -0.689003 -0.686563 -0.681676 -0.674076 -0.663494 -0.649668 -0.632351 -0.611318 -0.586376 -0.557378 -0.52423 -0.486907 -0.445457 -0.400014 -0.350802 -0.298138 -0.242428 -0.184164 -0.123913 -0.0623021 -7.21645e-14 0.0623021 0.123913 0.184164 0.242428 0.298138 0.350802 0.400014 0.445457 0.486907 0.52423 0.557378 0.586376 0.611318 0.632351 0.649668 0.663494 0.674076 0.681676 0.686563 0.689003 0.689257 0.687577 0.684201 0.679351 
0.8 -0.679186 -0.676832 -0.672976 -0.667488 -0.660241 -0.651105 -0.639957 -0.626677 -0.611155 -0.593293 -0.573008 -0.550233 -0.524926 -0.497068 -0.466667 -0.433765 -0.398434 -0.360782 -0.320951 -0.279121 -0.235502 -0.190338 -0.143901 -0.096487 -0.0484107 4.32987e-13 0.0484107 0.096487 0.143901 0.190338 0.235502 0.279121 0.320951 0.360782 0.398434 0.433765 0.466667 0.497068 0.524926 0.550233 0.573008 0.593293 0.611155 0.626677 0.639957 0.651105 0.660241 0.667488 0.672976 0.676832 
0.85 -0.640564 -0.631967 -0.622047 -0.610745 -0.598009 -0.58379 -0.568045 -0.55074 -0.531849 -0.511355 -0.489251 -0.465543 -0.440248 -0.413398 -0.385037 -0.355224 -0.324034 -0.291553 -0.257884 -0.223141 -0.187453 -0.150958 -0.113805 -0.0761519 -0.0381608 -2.16493e-13 0.0381608 0.0761519 0.113805 0.150958 0.187453 0.223141 0.257884 0.291553 0.324034 0.355224 0.385037 0.413398 0.440248 0.465543 0.489251 0.511355 0.531849 0.55074 0.568045 0.58379 0.598009 0.610745 0.622047 0.631967 
0.9 -0.5774 -0.565373 -0.552346 -0.538303 -0.523228 -0.507115 -0.489957 -0.471754 -0.452514 -0.432245 -0.410965 -0.388696 -0.365467 -0.341313 -0.316276 -0.290402 -0.263744 -0.236364 -0.208324 -0.179695 -0.150552 -0.120974 -0.0910433 -0.0608452 -0.0304676 5.77316e-13 0.0304676 0.0608452 0.0910433 0.120974 0.150552 0.179695 0.208324 0.236364 0.263744 0.290402 0.316276 0.341313 0.365467 0.388696 0.410965 0.432245 0.452514 0.471754 0.489957 0.507115 0.523228 0.538303 0.552346 0.565373 
0.95 -0.506029 -0.492796 -0.478867 -0.464242 -0.448924 -0.432919 -0.416232 -0.398876 -0.380863 -0.362209 -0.342932 -0.323055 -0.302601 -0.281598 -0.260075 -0.238066 -0.215606 -0.192731 -0.169483 -0.145903 -0.122034 -0.0979224 -0.0736148 -0.0491592 -0.0246045 -1.44329e-13 0.0246045 0.0491592 0.0736148 0.0979224 0.122034 0.145903 0.169483 0.192731 0.215606 0.238066 0.260075 0.281598 0.302601 0.323055 0.342932 0.362209 0.380863 0.398876 0.416232 0.432919 0.448924 0.464242 0.478867 0.492796 
1 -0.436408 -0.423353 -0.409834 -0.395855 -0.381424 -0.366549 -0.351239 -0.335506 -0.319361 -0.302819 -0.285894 -0.268603 -0.250963 -0.232994 -0.214715 -0.196148 -0.177316 -0.15824 -0.138947 -0.119462 -0.0998091 -0.0800168 -0.0601117 -0.0401218 -0.0200752 1.15463e-12 0.0200752 0.0401218 0.0601117 0.0800168 0.0998091 0.119462 0.138947 0.15824 0.177316 0.196148 0.214715 0.232994 0.250963 0.268603 0.285894 0.302819 0.319361 0.335506 0.351239 0.366549 0.381424 0.395855 0.409834 0.423353 
1.05 -0.373337 -0.361178 -0.348715 -0.335952 -0.322896 -0.309556 -0.295939 -0.282054 -0.26791 -0.253518 -0.238889 -0.224034 -0.208965 -0.193695 -0.178236 -0.162603 -0.14681 -0.130871 -0.114802 -0.0986182 -0.0823348 -0.0659683 -0.0495349 -0.0330513 -0.0165341 3.60822e-13 0.0165341 0.0330513 0.0495349 0.0659683 0.0823348 0.0986182 0.114802 0.130871 0.14681 0.162603 0.178236 0.193695 0.208965 0.224034 0.238889 0.253518 0.26791 0.282054 0.295939 0.309556 0.322896 0.335952 0.348715 0.361178 
1.1 -0.31844 -0.307471 -0.296302 -0.284937 -0.273384 -0.261646 -0.249731 -0.237645 -0.225395 -0.212988 -0.200431 -0.187732 -0.1749 -0.161942 -0.148867 -0.135684 -0.122403 -0.109031 -0.0955798 -0.0820578 -0.0684749 -0.0548413 -0.0411668 -0.0274616 -0.0137359 -5.77316e-13 0.0137359 0.0274616 0.0411668 0.0548413 0.0684749 0.0820578 0.0955798 0.109031 0.122403 0.135684 0.148867 0.161942 0.1749 0.187732 0.200431 0.212988 0.225395 0.237645 0.249731 0.261646 0.273384 0.284937 0.296302 0.307471 
1.15 -0.271691 -0.261967 -0.252111 -0.242127 -0.232019 -0.221792 -0.211449 -0.200995 -0.190435 -0.179775 -0.169018 -0.158171 -0.147238 -0.136225 -0.125139 -0.113983 -0.102766 -0.0914913 -0.0801665 -0.0687971 -0.0573896 -0.0459502 -0.0344851 -0.0230008 -0.0115036 8.65974e-13 0.0115036 0.0230008 0.0344851 0.0459502 0.0573896 0.0687971 0.0801665 0.0914913 0.102766 0.113983 0.125139 0.136225 0.147238 0.158171 0.169018 0.179775 0.190435 0.200995 0.211449 0.221792 0.232019 0.242127 0.252111 0.261967 
1.2 -0.232334 -0.223793 -0.215164 -0.20645 -0.197653 -0.188777 -0.179826 -0.170801 -0.161707 -0.152546 -0.143323 -0.134041 -0.124703 -0.115313 -0.105875 -0.096393 -0.0868703 -0.0773109 -0.0677189 -0.0580983 -0.048453 -0.0387871 -0.0291048 -0.0194101 -0.00970711 -2.88658e-13 0.00970711 0.0194101 0.0291048 0.0387871 0.048453 0.0580983 0.0677189 0.0773109 0.0868703 0.096393 0.105875 0.115313 0.124703 0.134041 0.143323 0.152546 0.161707 0.170801 0.179826 0.188777 0.197653 0.20645 0.215164 0.223793 
1.25 -0.199375 -0.191903 -0.184372 -0.176784 -0.16914 -0.161443 -0.153695 -0.145898 -0.138055 -0.130167 -0.122238 -0.114269 -0.106264 -0.0982237 -0.0901517 -0.0820504 -0.0739223 -0.06577 -0.0575961 -0.0494034 -0.0411944 -0.0329718 -0.0247384 -0.0164968 -0.00824975 -1.44329e-13 0.00824975 0.0164968 0.0247384 0.0329718 0.0411944 0.0494034 0.0575961 0.06577 0.0739223 0.0820504 0.0901517 0.0982237 0.106264 0.114269 0.122238 0.130167 0.138055 0.145898 0.153695 0.161443 0.16914 0.176784 0.184372 0.191903 
1.3 -0.171814 -0.165284 -0.158714 -0.152104 -0.145457 -0.138773 -0.132054 -0.125302 -0.118518 -0.111704 -0.104862 -0.0979935 -0.0910997 -0.0841826 -0.0772438 -0.0702853 -0.0633086 -0.0563156 -0.0493081 -0.0422878 -0.0352566 -0.0282163 -0.0211686 -0.0141155 -0.00705865 7.21645e-14 0.00705865 0.0141155 0.0211686 0.0282163 0.0352566 0.0422878 0.0493081 0.0563156 0.0633086 0.0702853 0.0772438 0.0841826 0.0910997 0.0979935 0.104862 0.111704 0.118518 0.125302 0.132054 0.138773 0.145457 0.152104 0.158714 0.165284 
1.35 -0.148747 -0.143035 -0.137294 -0.131526 -0.125732 -0.119912 -0.114069 -0.108202 -0.102313 -0.0964036 -0.0904745 -0.0845269 -0.0785621 -0.0725812 -0.0665854 -0.0605759 -0.054554 -0.0485209 -0.0424777 -0.0364258 -0.0303663 -0.0243006 -0.0182299 -0.0121553 -0.0060783 -7.21645e-14 0.0060783 0.0121553 0.0182299 0.0243006 0.0303663 0.0364258 0.0424777 0.0485209 0.054554 0.0605759 0.0665854 0.0725812 0.0785621 0.0845269 0.0904745 0.0964036 0.102313 0.108202 0.114069 0.119912 0.125732 0.131526 0.137294 0.143035 
1.4 -0.129395 -0.124387 -0.119359 -0.114311 -0.109245 -0.10416 -0.0990591 -0.0939416 -0.0888087 -0.0836611 -0.0784997 -0.0733254 -0.0681389 -0.0629412 -0.057733 -0.0525152 -0.0472887 -0.0420543 -0.0368128 -0.0315653 -0.0263125 -0.0210553 -0.0157945 -0.0105312 -0.00526602 -2.16493e-13 0.00526602 0.0105312 0.0157945 0.0210553 0.0263125 0.0315653 0.0368128 0.0420543 0.0472887 0.0525152 0.057733 0.0629412 0.0681389 0.0733254 0.0784997 0.0836611 0.0888087 0.0939416 0.0990591 0.10416 0.109245 0.114311 0.119359 0.124387 
1.45 -0.113107 -0.108703 -0.104284 -0.0998514 -0.0954054 -0.0909466 -0.0864755 -0.0819928 -0.0774991 -0.0729949 -0.0684809 -0.0639576 -0.0594256 -0.0548856 -0.0503381 -0.0457838 -0.0412232 -0.036657 -0.0320859 -0.0275103 -0.022931 -0.0183486 -0.0137636 -0.00917679 -0.00458871 -1.44329e-13 0.00458871 0.00917679 0.0137636 0.0183486 0.022931 0.0275103 0.0320859 0.036657 0.0412232 0.0457838 0.0503381 0.0548856 0.0594256 0.0639576 0.0684809 0.0729949 0.0774991 0.0819928 0.0864755 0.0909466 0.0954054 0.0998514 0.104284 0.108703 
1.5 -0.0993442 -0.0954576 -0.0915605 -0.0876533 -0.0837363 -0.0798101 -0.075875 -0.0719314 -0.0679797 -0.0640205 -0.0600541 -0.056081 -0.0521017 -0.0481164 -0.0441258 -0.0401302 -0.0361301 -0.0321259 -0.0281181 -0.0241071 -0.0200934 -0.0160775 -0.0120597 -0.00804054 -0.0040205 7.21645e-14 0.0040205 0.00804054 0.0120597 0.0160775 0.0200934 0.0241071 0.0281181 0.0321259 0.0361301 0.0401302 0.0441258 0.0481164 0.0521017 0.056081 0.0600541 0.0640205 0.0679797 0.0719314 0.075875 0.0798101 0.0837363 0.0876533 0.0915605 0.0954576 
1.55 -0.0876658 -0.0842235 -0.0807733 -0.0773157 -0.073851 -0.0703793 -0.0669011 -0.0634167 -0.0599264 -0.0564304 -0.0529292 -0.049423 -0.0459122 -0.0423971 -0.0388781 -0.0353553 -0.0318293 -0.0283002 -0.0247685 -0.0212345 -0.0176985 -0.0141608 -0.0106218 -0.00708173 -0.00354103 7.21645e-13 0.00354103 0.00708173 0.0106218 0.0141608 0.0176985 0.0212345 0.0247685 0.0283002 0.0318293 0.0353553 0.0388781 0.0423971 0.0459122 0.049423 0.0529292 0.0564304 0.0599264 0.0634167 0.0669011 0.0703793 0.073851 0.0773157 0.0807733 0.0842235 
1.6 -0.0777126 -0.0746522 -0.0715859 -0.068514 -0.0654368 -0.0623544 -0.0592671 -0.0561751 -0.0530788 -0.0499782 -0.0468738 -0.0437656 -0.040654 -0.0375391 -0.0344213 -0.0313008 -0.0281778 -0.0250525 -0.0219253 -0.0187964 -0.0156659 -0.0125342 -0.00940154 -0.00626811 -0.00313418 -1.44329e-13 0.00313418 0.00626811 0.00940154 0.0125342 0.0156659 0.0187964 0.0219253 0.0250525 0.0281778 0.0313008 0.0344213 0.0375391 0.040654 0.0437656 0.0468738 0.0499782 0.0530788 0.0561751 0.0592671 0.0623544 0.0654368 0.068514 0.0715859 0.0746522 
1.65 -0.0691919 -0.0664606 -0.0637249 -0.0609849 -0.0582408 -0.0554929 -0.0527413 -0.0499861 -0.0472276 -0.044466 -0.0417013 -0.0389339 -0.0361638 -0.0333914 -0.0306166 -0.0278399 -0.0250612 -0.0222809 -0.0194991 -0.0167159 -0.0139317 -0.0111464 -0.00836049 -0.00557397 -0.00278708 -2.88658e-13 0.00278708 0.00557397 0.00836049 0.0111464 0.0139317 0.0167159 0.0194991 0.0222809 0.0250612 0.0278399 0.0306166 0.0333914 0.0361638 0.0389339 0.0417013 0.044466 0.0472276 0.0499861 0.0527413 0.0554929 0.0582408 0.0609849 0.0637249 0.0664606 
1.7 -0.0618648 -0.059418 -0.0569679 -0.0545145 -0.052058 -0.0495985 -0.0471362 -0.0446712 -0.0422036 -0.0397336 -0.0372614 -0.0347869 -0.0323105 -0.0298323 -0.0273523 -0.0248707 -0.0223877 -0.0199035 -0.017418 -0.0149316 -0.0124443 -0.00995632 -0.00746774 -0.00497873 -0.00248944 -7.21645e-13 0.00248944 0.00497873 0.00746774 0.00995632 0.0124443 0.0149316 0.017418 0.0199035 0.0223877 0.0248707 0.0273523 0.0298323 0.0323105 0.0347869 0.0372614 0.0397336 0.0422036 0.0446712 0.0471362 0.0495985 0.052058 0.0545145 0.0569679 0.059418 
1.75 -0.0555363 -0.0533364 -0.0511338 -0.0489288 -0.0467214 -0.0445116 -0.0422996 -0.0400856 -0.0378696 -0.0356517 -0.033432 -0.0312107 -0.0289878 -0.0267635 -0.0245379 -0.0223111 -0.0200831 -0.0178542 -0.0156243 -0.0133937 -0.0111625 -0.00893064 -0.00669837 -0.00446576 -0.00223294 -4.32987e-13 0.00223294 0.00446576 0.00669837 0.00893064 0.0111625 0.0133937 0.0156243 0.0178542 0.0200831 0.0223111 0.0245379 0.0267635 0.0289878 0.0312107 0.033432 0.0356517 0.0378696 0.0400856 0.0422996 0.0445116 0.0467214 0.0489288 0.0511338 0.0533364 
1.8 -0.0500465 -0.0480615 -0.0460745 -0.0440855 -0.0420945 -0.0401018 -0.0381074 -0.0361113 -0.0341137 -0.0321146 -0.0301141 -0.0281124 -0.0261094 -0.0241053 -0.0221002 -0.0200941 -0.0180872 -0.0160795 -0.014071 -0.012062 -0.0100525 -0.0080425 -0.00603218 -0.0040216 -0.00201084 1.44329e-13 0.00201084 0.0040216 0.00603218 0.0080425 0.0100525 0.012062 0.014071 0.0160795 0.0180872 0.0200941 0.0221002 0.0241053 0.0261094 0.0281124 0.0301141 0.0321146 0.0341137 0.0361113 0.0381074 0.0401018 0.0420945 0.0440855 0.0460745 0.0480615 
1.85 -0.0452643 -0.0434671 -0.0416682 -0.0398678 -0.0380658 -0.0362625 -0.0344578 -0.0326518 -0.0308446 -0.0290362 -0.0272267 -0.0254162 -0.0236048 -0.0217924 -0.0199793 -0.0181654 -0.0163508 -0.0145356 -0.0127198 -0.0109036 -0.00908695 -0.00726997 -0.00545272 -0.00363526 -0.00181766 5.05151e-13 0.00181766 0.00363526 0.00545272 0.00726997 0.00908695 0.0109036 0.0127198 0.0145356 0.0163508 0.0181654 0.0199793 0.0217924 0.0236048 0.0254162 0.0272267 0.0290362 0.0308446 0.0326518 0.0344578 0.0362625 0.0380658 0.0398678 0.0416682 0.0434671 
1.9 -0.0410814 -0.0394488 -0.0378149 -0.0361797 -0.0345433 -0.0329058 -0.0312672 -0.0296276 -0.027987 -0.0263455 -0.0247031 -0.0230599 -0.021416 -0.0197713 -0.018126 -0.0164801 -0.0148336 -0.0131867 -0.0115393 -0.00989154 -0.00824345 -0.00659509 -0.00494651 -0.00329776 -0.00164891 4.32987e-13 0.00164891 0.00329776 0.00494651 0.00659509 0.00824345 0.00989154 0.0115393 0.0131867 0.0148336 0.0164801 0.018126 0.0197713 0.021416 0.0230599 0.0247031 0.0263455 0.027987 0.0296276 0.0312672 0.0329058 0.0345433 0.0361797 0.0378149 0.0394488 
1.95 -0.0374082 -0.0359205 -0.0344316 -0.0329418 -0.031451 -0.0299593 -0.0284667 -0.0269733 -0.0254791 -0.0239842 -0.0224886 -0.0209923 -0.0194954 -0.017998 -0.0165 -0.0150015 -0.0135026 -0.0120033 -0.0105037 -0.00900371 -0.00750349 -0.00600306 -0.00450245 -0.0030017 -0.00150087 -7.21645e-14 0.00150087 0.0030017 0.00450245 0.00600306 0.00750349 0.00900371 0.0105037 0.0120033 0.0135026 0.0150015 0.0165 0.017998 0.0194954 0.0209923 0.0224886 0.0239842 0.0254791 0.0269733 0.0284667 0.0299593 0.031451 0.0329418 0.0344316 0.0359205 
2 -0.0341704 -0.0328105 -0.0314498 -0.0300882 -0.0287259 -0.0273628 -0.0259991 -0.0246346 -0.0232695 -0.0219039 -0.0205376 -0.0191708 -0.0178036 -0.0164358 -0.0150677 -0.0136991 -0.0123302 -0.010961 -0.0095915 -0.00822175 -0.00685178 -0.00548164 -0.00411135 -0.00274096 -0.0013705 7.21645e-14 0.0013705 0.00274096 0.00411135 0.00548164 0.00685178 0.00822175 0.0095915 0.010961 0.0123302 0.0136991 0.0150677 0.0164358 0.0178036 0.0191708 0.0205376 0.0219039 0.0232695 0.0246346 0.0259991 0.0273628 0.0287259 0.0300882 0.0314498 0.0328105 
