0.0250078 0.999687 0 3.81034 0.05 0.0185196
0.0500627 0.998744 0 3.62167 0.1 0.0383604
0.0752127 0.99716 0 3.43435 0.15 0.0384758
0.100508 0.994911 0 3.24862 0.2 0.0387411
0.126001 0.991965 0 3.06459 0.25 0.0390875
0.151751 0.988279 0 2.88269 0.3 0.039523
0.177825 0.983794 0 2.70339 0.35 0.0400561
0.204307 0.978426 0 2.52716 0.4 0.0406983
0.231305 0.97206 0.0001 2.35477 0.45 0.0414648
0.258969 0.964531 0.0003 2.18702 0.5 0.0423768
0.287514 0.955596 0.0008 2.02521 0.55 0.0434641
0.317239 0.944891 0.0018 1.87074 0.6 0.0447709
0.348558 0.931875 0.004 1.72571 0.65 0.046363
0.381998 0.915774 0.0079 1.59256 0.7 0.0483397
0.418166 0.895565 0.0149 1.47463 0.75 0.0508499
0.457592 0.870041 0.0266 1.3758 0.8 0.05411
0.50045 0.838127 0.0449 1.3005 0.85 0.0584167
0.546171 0.799458 0.0718 1.2529 0.9 0.0641369
0.593203 0.755 0.109 1.2361 0.95 0.0716587
0.639245 0.707221 0.1574 1.2515 1 0.0813
0.682001 0.659408 0.2166 1.2979 1.05 0.0932113
0.71993 0.614511 0.2855 1.3722 1.1 0.107334
0.752502 0.574354 0.3624 1.4215 1.15 0.123432
0.77998 0.539578 0.4456 1.4575 1.2 0.141173
0.80302 0.509994 0.5333 1.503 1.25 0.160203
0.822379 0.485012 0.6245 1.5562 1.3 0.180199
0.838756 0.463923 0.7181 1.6158 1.35 0.200889
0.852731 0.446046 0.8134 1.6804 1.4 0.222061
0.864773 0.430796 0.9101 1.7494 1.45 0.243548
0.875243 0.417686 1.0075 1.8219 1.5 0.265227
