0.299347 -0.95366 5.4315 0.0799 -1
0.304732 -0.95189 5.293 0.0839 -0.95
0.310347 -0.950003 5.1515 0.0883 -0.9
0.316207 -0.947981 5.0064 0.0932 -0.85
0.322338 -0.945815 4.8575 0.0983 -0.8
0.32876 -0.943486 4.7044 0.104 -0.75
0.335502 -0.94097 4.5465 0.1102 -0.7
0.342596 -0.938242 4.3834 0.117 -0.65
0.35008 -0.935273 4.2143 0.1246 -0.6
0.358002 -0.932026 4.0385 0.1329 -0.55
0.366412 -0.928448 3.8549 0.1424 -0.5
0.375382 -0.924483 3.6622 0.1531 -0.45
0.384994 -0.920048 3.459 0.1656 -0.4
0.395357 -0.915036 3.2432 0.1801 -0.35
0.406617 -0.909291 3.0117 0.1979 -0.3
0.418972 -0.902593 2.7599 0.2208 -0.25
0.432712 -0.894588 2.4785 0.2546 -0.2
0.448296 -0.884674 2.1353 0.3262 -0.15
0.466535 -0.871624 1.5903 0.4576 -0.1
0.489389 -0.851635 0.8238 0.8015 -0.05
0.546171 -5.55112e-18 0.0718 1.1811 3.19189e-16
0.489389 0.851635 0.8238 0.8015 0.05
0.466535 0.871624 1.5903 0.4576 0.1
0.448296 0.884674 2.1353 0.3262 0.15
0.432712 0.894588 2.4785 0.2546 0.2
0.418972 0.902593 2.7599 0.2208 0.25
0.406617 0.909291 3.0117 0.1979 0.3
0.395357 0.915036 3.2432 0.1801 0.35
0.384994 0.920048 3.459 0.1656 0.4
0.375382 0.924483 3.6622 0.1531 0.45
0.366412 0.928448 3.8549 0.1424 0.5
0.358002 0.932026 4.0385 0.1329 0.55
0.35008 0.935273 4.2143 0.1246 0.6
0.342596 0.938242 4.3834 0.117 0.65
0.335502 0.94097 4.5465 0.1102 0.7
0.32876 0.943486 4.7044 0.104 0.75
0.322338 0.945815 4.8575 0.0983 0.8
0.316207 0.947981 5.0064 0.0932 0.85
0.310347 0.950003 5.1515 0.0883 0.9
0.304732 0.95189 5.293 0.0839 0.95
0.299347 0.95366 5.4315 0.0799 1
