0.0183327 0.999826 4.0004 0 0.05
0.0366616 0.999305 4.0016 0 0.1
0.0549827 0.998438 4.0037 0 0.15
0.0732922 0.997221 4.0066 0 0.2
0.0915859 0.995655 4.0103 0 0.25
0.10986 0.993743 4.0149 0 0.3
0.128109 0.991479 4.0202 0 0.35
0.146329 0.988866 4.0264 0 0.4
0.164515 0.985903 4.0332 0 0.45
0.182662 0.982586 4.0409 0 0.5
0.200763 0.978919 4.0494 0 0.55
0.218813 0.974899 4.0586 0 0.6
0.236805 0.970527 4.0685 0 0.65
0.254732 0.9658 4.0791 0 0.7
0.272586 0.960721 4.0904 0 0.75
0.29036 0.95529 4.1024 0 0.8
0.308046 0.94951 4.1151 0 0.85
0.325632 0.943377 4.1286 0 0.9
0.343111 0.9369 4.1427 0 0.95
0.360473 0.930079 4.1576 0 1
0.377706 0.922918 4.173 0 1.05
0.394797 0.915419 4.1892 0 1.1
0.411738 0.907593 4.2061 0 1.15
0.428514 0.899442 4.2237 0 1.2
0.445113 0.890977 4.2421 0 1.25
0.461522 0.882204 4.2611 0.0001 1.3
0.477729 0.873134 4.2809 0.0001 1.35
0.493719 0.86378 4.3015 0.0002 1.4
0.509479 0.854153 4.3229 0.0002 1.45
0.524997 0.844267 4.3451 0.0004 1.5
