-5.83873e-09 -0.965647
-5.5468e-09 -0.9656
-5.25486e-09 -0.965553
-4.96292e-09 -0.965506
-4.67099e-09 -0.965458
-4.37905e-09 -0.965411
-4.08711e-09 -0.965363
-3.79518e-09 -0.965315
-3.50324e-09 -0.965267
-3.2113e-09 -0.965218
-2.91937e-09 -0.96517
-2.62743e-09 -0.965121
-2.33549e-09 -0.965072
-2.04356e-09 -0.965022
-1.75162e-09 -0.964972
-1.45968e-09 -0.964922
-1.16775e-09 -0.964869
-8.7581e-10 -0.964813
-5.83873e-10 -0.964745
-2.91937e-10 -0.964595
3.03858e-24 -9.36319e-12
2.91937e-10 0.964595
5.83873e-10 0.964745
8.7581e-10 0.964813
1.16775e-09 0.964869
1.45968e-09 0.964922
1.75162e-09 0.964972
2.04356e-09 0.965022
2.33549e-09 0.965072
2.62743e-09 0.965121
2.91937e-09 0.96517
3.2113e-09 0.965218
3.50324e-09 0.965267
3.79518e-09 0.965315
4.08711e-09 0.965363
4.37905e-09 0.965411
4.67099e-09 0.965458
4.96292e-09 0.965506
5.25486e-09 0.965553
5.5468e-09 0.9656
5.83873e-09 0.965647
