0.0250079 0.999687 0 3.8281 0.05 1.26585
0.0500651 0.998743 0 3.65906 0.1 1.26657
0.0752311 0.997158 1e-05 3.49329 0.15 1.26778
0.100585 0.994901 3e-05 3.33128 0.2 1.26952
0.126233 0.991929 0.00012 3.17361 0.25 1.27186
0.152316 0.98817 0.00035 3.02095 0.3 1.27491
0.179016 0.983525 0.00086 2.87411 0.35 1.27879
0.206555 0.977849 0.00188 2.73402 0.4 1.28372
0.235189 0.970947 0.00374 2.60177 0.45 1.28998
0.265198 0.96257 0.00689 2.47862 0.5 1.29793
0.296861 0.952425 0.01189 2.366 0.55 1.30804
0.33042 0.940174 0.01944 2.26546 0.6 1.32088
0.366018 0.925482 0.03033 2.17868 0.65 1.3371
0.403651 0.908064 0.04545 2.10738 0.7 1.35737
0.443093 0.887763 0.06563 2.05314 0.75 1.38232
0.483859 0.864609 0.09167 2.01736 0.8 1.41244
0.525229 0.838895 0.1242 2.00102 0.85 1.44794
0.566314 0.811169 0.16362 2.00461 0.9 1.48864
0.606169 0.782168 0.21004 2.02801 0.95 1.53398
0.643952 0.752732 0.26331 2.07056 1 1.58301
0.679015 0.723667 0.32305 2.13109 1.05 1.63453
0.710976 0.69565 0.3887 2.20815 1.1 1.68726
0.739686 0.669177 0.45962 2.30006 1.15 1.73996
0.765201 0.644545 0.53514 2.36224 1.2 1.79157
0.787717 0.621897 0.6146 2.40589 1.25 1.84126
0.807496 0.60124 0.69739 2.45535 1.3 1.88845
0.824843 0.582499 0.78299 2.50992 1.35 1.93279
0.840063 0.565553 0.87093 2.56893 1.4 1.9741
0.853432 0.550249 0.9608 2.63179 1.45 2.01234
0.865209 0.536429 1.05225 2.698 1.5 2.0476
