-1 -12.8094 -7.37808 -7.1693 -7.1693 -6.75392 -6.75392 -6.54452 -4.46878 -4.39823 -4.39823 -4.31281 -4.31281 -4.27477 -2.79819 -2.56242 -2.56242 -2.53003 -2.45873 -2.45873 -1.51567 -1.36297 -1.36297 -1.05593 -0.538776 -0.419558 -0.419558 -0.266387 -0.266387 -0.260866 -0.0529555 -0.0299415 -0.0299415 0.0288098 0.0288098 0.686703 0.856556 1.42294 1.42294 1.63526 1.63526 2 2.22012 2.25119 2.25119 2.30619 2.30619 2.48503 2.81355 2.95306 2.95306 3.19245 3.49324 3.49324 4.14962 4.53661 4.58093 4.58093 5.09606 5.09606 5.96657 5.96657 6.04901 7.45723 7.78112 
-0.95 -12.5236 -7.23084 -7.01131 -7.01131 -6.57491 -6.57491 -6.35459 -4.40491 -4.31987 -4.31987 -4.22362 -4.22362 -4.18013 -2.84324 -2.55429 -2.55429 -2.51906 -2.43894 -2.43894 -1.61699 -1.35566 -1.35566 -1.04047 -0.620208 -0.451906 -0.451906 -0.232101 -0.232101 -0.221544 -0.0139162 -0.00150318 -0.00150318 0.0237682 0.0237682 0.637106 0.73411 1.34771 1.34771 1.60169 1.60169 2 2.11953 2.16078 2.16078 2.24309 2.24309 2.47423 2.80034 2.93324 2.93324 3.13745 3.45642 3.45642 4.05458 4.45765 4.50408 4.50408 5.00464 5.00464 5.88868 5.88868 5.99178 7.42921 7.73351 
-0.9 -12.2383 -7.08732 -6.85615 -6.85615 -6.39719 -6.39719 -6.16512 -4.34847 -4.24423 -4.24423 -4.1357 -4.1357 -4.08577 -2.90429 -2.54782 -2.54782 -2.50915 -2.41882 -2.41882 -1.71632 -1.35674 -1.35674 -1.01757 -0.702286 -0.495137 -0.495137 -0.204145 -0.204145 -0.193279 0.0150513 0.0264057 0.0264057 0.0375553 0.0375553 0.606731 0.617016 1.26668 1.26668 1.56033 1.56033 2 2.01483 2.07365 2.07365 2.19028 2.19028 2.46794 2.78806 2.91547 2.91547 3.08734 3.4276 3.4276 3.96279 4.37936 4.42909 4.42909 4.91521 4.91521 5.81367 5.81367 5.93575 7.40323 7.68976 
-0.85 -11.9536 -6.94789 -6.7041 -6.7041 -6.2209 -6.2209 -5.97617 -4.30205 -4.17172 -4.17172 -4.04932 -4.04932 -3.99174 -2.98174 -2.54309 -2.54309 -2.50025 -2.39811 -2.39811 -1.80393 -1.3658 -1.3658 -0.992997 -0.784933 -0.544022 -0.544022 -0.18288 -0.180939 -0.180939 0.03209 0.0329585 0.0329585 0.081804 0.081804 0.512645 0.59609 1.18328 1.18328 1.50923 1.50923 1.90782 1.99328 1.99328 2 2.14686 2.14686 2.46558 2.77667 2.89915 2.89915 3.04092 3.40585 3.40585 3.87452 4.30186 4.35615 4.35615 4.82778 4.82778 5.74165 5.74165 5.88114 7.37921 7.64963 
-0.8 -11.6695 -6.81302 -6.55544 -6.55544 -6.04618 -6.04618 -5.78778 -4.26957 -4.10275 -4.10275 -3.96478 -3.96478 -3.89807 -3.07281 -2.54025 -2.54025 -2.49236 -2.37657 -2.37657 -1.87533 -1.38203 -1.38203 -0.969278 -0.868066 -0.595332 -0.595332 -0.200025 -0.160208 -0.160208 0.0378076 0.0379822 0.0379822 0.127691 0.127691 0.431119 0.602992 1.10188 1.10188 1.44716 1.44716 1.80067 1.9225 1.9225 2 2.11157 2.11157 2.46672 2.76614 2.88382 2.88382 2.99691 3.39036 3.39036 3.7901 4.22528 4.28549 4.28549 4.74237 4.74237 5.6727 5.6727 5.82813 7.35705 7.61291 
-0.75 -11.3861 -6.68325 -6.41051 -6.41051 -5.87317 -5.87317 -5.60003 -4.25675 -4.03778 -4.03778 -3.88249 -3.88249 -3.80482 -3.17064 -2.53946 -2.53946 -2.48546 -2.35395 -2.35395 -1.92971 -1.40425 -1.40425 -0.951595 -0.947488 -0.647081 -0.647081 -0.253129 -0.140009 -0.140009 0.035146 0.0354765 0.0354765 0.172714 0.172714 0.381208 0.622349 1.02742 1.02742 1.37473 1.37473 1.69609 1.86245 1.86245 2 2.08304 2.08304 2.47099 2.75641 2.86915 2.86915 2.95403 3.38042 3.38042 3.71 4.14978 4.21735 4.21735 4.659 4.659 5.60694 5.60694 5.77694 7.33664 7.57941 
-0.7 -11.1034 -6.55924 -6.26968 -6.26968 -5.70205 -5.70205 -5.41299 -4.27129 -3.97729 -3.97729 -3.80294 -3.80294 -3.71205 -3.26468 -2.54095 -2.54095 -2.47956 -2.33004 -2.33004 -1.96864 -1.43098 -1.43098 -1.03542 -0.927927 -0.697947 -0.697947 -0.341827 -0.119226 -0.119226 0.0198851 0.0198851 0.0278868 0.214722 0.214722 0.36284 0.647222 0.964838 0.964838 1.29472 1.29472 1.59766 1.81235 1.81235 2 2.06009 2.06009 2.47811 2.74747 2.85486 2.85486 2.91099 3.37544 3.37544 3.63476 4.07551 4.15199 4.15199 4.57771 4.57771 5.54449 5.54449 5.72778 7.31792 7.54893 
-0.65 -10.8216 -6.44184 -6.13337 -6.13337 -5.53303 -5.53303 -5.22676 -4.32124 -3.92175 -3.92175 -3.72678 -3.72678 -3.61984 -3.34322 -2.54496 -2.54496 -2.47472 -2.30467 -2.30467 -1.99475 -1.46052 -1.46052 -1.11943 -0.910389 -0.746947 -0.746947 -0.457308 -0.097496 -0.097496 -0.0128664 -0.0128664 0.0192451 0.251425 0.251425 0.367464 0.669676 0.918034 0.918034 1.21155 1.21155 1.51035 1.77024 1.77024 2 2.04173 2.04173 2.48785 2.73927 2.84073 2.84073 2.86657 3.37498 3.37498 3.565 4.00268 4.08968 4.08968 4.49855 4.49855 5.48547 5.48547 5.68087 7.3008 7.52129 
-0.6 -10.5405 -6.33221 -6.00206 -6.00206 -5.36632 -5.36632 -5.04147 -4.41084 -3.87159 -3.87159 -3.65481 -3.65481 -3.5283 -3.39826 -2.55175 -2.55175 -2.47101 -2.27777 -2.27777 -2.01078 -1.49102 -1.49102 -1.2035 -0.89429 -0.793277 -0.793277 -0.589864 -0.0752077 -0.0752077 -0.0640287 -0.0640287 0.0113498 0.280017 0.280017 0.38563 0.680991 0.88861 0.88861 1.1305 1.1305 1.44084 1.73395 1.73395 2 2.0272 2.0272 2.49999 2.73179 2.81965 2.82659 2.82659 3.37867 3.37867 3.50135 3.9315 4.03072 4.03072 4.42156 4.42156 5.43002 5.43002 5.6364 7.28522 7.49632 
-0.55 -10.2604 -6.23197 -5.87628 -5.87628 -5.20218 -5.20218 -4.85725 -4.53693 -3.82718 -3.82718 -3.58807 -3.58807 -3.43756 -3.42927 -2.56154 -2.56154 -2.46857 -2.24936 -2.24936 -2.01916 -1.52057 -1.52057 -1.28745 -0.878769 -0.836223 -0.836223 -0.732633 -0.133209 -0.133209 -0.0517453 -0.0517453 0.00533218 0.296979 0.296979 0.410774 0.672654 0.875401 0.875401 1.0573 1.0573 1.39643 1.70175 1.70175 2 2.01591 2.01591 2.51434 2.72501 2.7693 2.81232 2.81232 3.38622 3.38622 3.44431 3.86224 3.97541 3.97541 4.34679 4.34679 5.37827 5.37827 5.5946 7.2711 7.47389 
-0.5 -9.98135 -6.14363 -5.75665 -5.75665 -5.04089 -5.04089 -4.69016 -4.67433 -3.78878 -3.78878 -3.52789 -3.52789 -3.44153 -3.3478 -2.57437 -2.57437 -2.4676 -2.21962 -2.21962 -2.02191 -1.54723 -1.54723 -1.37108 -0.881272 -0.875134 -0.875134 -0.862787 -0.215846 -0.215846 -0.0287181 -0.0287181 0.00159514 0.298405 0.298405 0.438936 0.639594 0.875268 0.875268 0.997671 0.997671 1.38158 1.67236 1.67236 2 2.00741 2.00741 2.53066 2.71488 2.71889 2.79786 2.79786 3.39422 3.39742 3.39742 3.79521 3.92403 3.92403 4.27432 4.27432 5.33037 5.33037 5.55566 7.2584 7.45384 
-0.45 -9.7034 -6.07146 -5.64386 -5.64386 -4.88278 -4.88278 -4.85853 -4.49296 -3.75651 -3.75651 -3.47594 -3.47594 -3.44175 -3.25928 -2.59005 -2.59005 -2.46845 -2.18891 -2.18891 -2.02066 -1.56913 -1.56913 -1.45413 -1.03287 -0.909415 -0.909415 -0.845251 -0.308236 -0.308236 -0.00619431 -0.00619431 7.17611e-05 0.281356 0.281356 0.467748 0.583187 0.884432 0.884432 0.956013 0.956013 1.39478 1.645 1.645 2 2.00132 2.00132 2.54869 2.65608 2.71341 2.78323 2.78323 3.3511 3.41211 3.41211 3.73077 3.87687 3.87687 4.20422 4.20422 5.28647 5.28647 5.51977 7.24706 7.43605 
-0.4 -9.42671 -6.02313 -5.5387 -5.5387 -5.0282 -4.72822 -4.72822 -4.31352 -3.7303 -3.7303 -3.43537 -3.43427 -3.43427 -3.17233 -2.60794 -2.60794 -2.47162 -2.15779 -2.15779 -2.01674 -1.58462 -1.58462 -1.53623 -1.18512 -0.938547 -0.938547 -0.825144 -0.406446 -0.406446 0.000423744 0.0153209 0.0153209 0.245893 0.245893 0.495729 0.509696 0.899423 0.899423 0.933545 0.933545 1.42995 1.6192 1.6192 1.99734 1.99734 2 2.56812 2.59297 2.70856 2.76853 2.76853 3.31471 3.43017 3.43017 3.66939 3.83419 3.83419 4.13654 4.13654 5.2467 5.2467 5.48712 7.23704 7.42042 
-0.35 -9.15144 -6.01253 -5.44206 -5.44206 -5.18109 -4.57764 -4.57764 -4.13653 -3.70988 -3.70988 -3.42604 -3.40533 -3.40533 -3.08745 -2.62688 -2.62688 -2.47794 -2.12701 -2.12701 -2.01125 -1.61687 -1.59239 -1.59239 -1.33581 -0.962138 -0.962138 -0.801677 -0.507083 -0.507083 0.00218012 0.035375 0.035375 0.195787 0.195787 0.426255 0.521904 0.917434 0.917434 0.927673 0.927673 1.48045 1.59478 1.59478 1.99514 1.99514 2 2.52587 2.5885 2.70432 2.75397 2.75397 3.28455 3.45148 3.45148 3.6116 3.79619 3.79619 4.07136 4.07136 5.21121 5.21121 5.45786 7.22828 7.40685 
-0.3 -8.87778 -6.05941 -5.35491 -5.35491 -5.29475 -4.43154 -4.43154 -3.96278 -3.69477 -3.69477 -3.41605 -3.39169 -3.39169 -3.00538 -2.64525 -2.64525 -2.48867 -2.09748 -2.09748 -2.00509 -1.6953 -1.59166 -1.59166 -1.4823 -0.980005 -0.980005 -0.774447 -0.6072 -0.6072 0.00482613 0.0535668 0.0535668 0.136989 0.136989 0.338778 0.545593 0.933623 0.933623 0.936316 0.936316 1.54117 1.5718 1.5718 1.9944 1.9944 2 2.45531 2.60928 2.70068 2.73986 2.73986 3.26003 3.47599 3.47599 3.55811 3.76306 3.76306 4.00877 4.00877 5.18013 5.18013 5.43217 7.22077 7.39525 
-0.25 -8.60601 -6.175 -5.35625 -5.27834 -5.27834 -4.2905 -4.2905 -3.79349 -3.6843 -3.6843 -3.40673 -3.39568 -3.39568 -2.9272 -2.66134 -2.66134 -2.50575 -2.07024 -2.07024 -1.99895 -1.77041 -1.62101 -1.58237 -1.58237 -0.992274 -0.992274 -0.74363 -0.704034 -0.704034 0.00784951 0.0695484 0.0695484 0.0756288 0.0756288 0.251928 0.566306 0.946508 0.946508 0.95446 0.95446 1.55056 1.55056 1.60869 1.99478 1.99478 2 2.38189 2.62974 2.69761 2.72662 2.72662 3.24049 3.50362 3.50362 3.50974 3.73493 3.73493 3.94884 3.94884 5.15359 5.15359 5.41018 7.21446 7.38555 
-0.2 -8.33648 -6.3472 -5.37653 -5.21349 -5.21349 -4.15522 -4.15522 -3.67761 -3.67761 -3.63069 -3.41875 -3.41875 -3.39878 -2.85462 -2.67386 -2.67386 -2.53183 -2.04631 -2.04631 -1.99338 -1.8405 -1.74699 -1.56541 -1.56541 -0.999483 -0.999483 -0.794653 -0.794653 -0.710222 0.0107335 0.0170952 0.0170952 0.0830257 0.0830257 0.169832 0.58368 0.962292 0.962292 0.970675 0.970675 1.53152 1.53152 1.68076 1.99588 1.99588 2 2.3062 2.64897 2.69512 2.71472 2.71472 3.22535 3.46753 3.53432 3.53432 3.71187 3.71187 3.89167 3.89167 5.13171 5.13171 5.392 7.20933 7.3777 
-0.15 -8.06977 -6.55475 -5.37588 -5.16151 -5.16151 -4.02651 -4.02651 -3.67377 -3.67377 -3.47807 -3.46101 -3.46101 -3.39252 -2.79026 -2.68241 -2.68241 -2.56956 -2.02664 -2.02664 -1.98874 -1.90293 -1.85369 -1.543 -1.543 -1.00264 -1.00264 -0.875463 -0.875463 -0.676377 -0.034029 -0.034029 0.0127694 0.0937579 0.0937579 0.0970318 0.597448 0.977852 0.977852 0.984087 0.984087 1.5154 1.5154 1.75592 1.99731 1.99731 2 2.22882 2.66585 2.69319 2.70471 2.70471 3.21409 3.43267 3.56797 3.56797 3.69393 3.69393 3.83738 3.83738 5.11458 5.11458 5.37776 7.20537 7.37164 
-0.1 -7.80699 -6.78219 -5.36851 -5.12346 -5.12346 -3.90545 -3.90545 -3.67186 -3.67186 -3.52122 -3.52122 -3.38807 -3.34294 -2.73803 -2.68748 -2.68748 -2.61844 -2.01203 -2.01203 -1.98529 -1.95379 -1.93419 -1.51912 -1.51912 -1.00318 -1.00318 -0.941557 -0.941557 -0.645777 -0.0738427 -0.0738427 0.0109362 0.0412868 0.101558 0.101558 0.607413 0.990794 0.990794 0.994077 0.994077 1.50299 1.50299 1.8331 1.99868 1.99868 2 2.1503 2.67917 2.69182 2.69711 2.69711 3.20634 3.40645 3.60437 3.60437 3.68112 3.68112 3.78621 3.78621 5.10229 5.10229 5.36753 7.20254 7.36734 
-0.05 -7.55187 -7.01834 -5.36185 -5.10023 -5.10023 -3.79365 -3.79365 -3.67108 -3.67108 -3.59701 -3.59701 -3.38542 -3.24089 -2.70313 -2.68999 -2.68999 -2.66774 -2.00303 -2.00303 -1.98787 -1.98352 -1.98318 -1.49994 -1.49994 -1.00265 -1.00265 -0.986253 -0.986253 -0.62366 -0.0991763 -0.0991763 -0.00959754 0.023298 0.106292 0.106292 0.613444 0.999327 0.999327 1.00023 1.00023 1.49512 1.49512 1.91144 1.99965 1.99965 2 2.07125 2.68775 2.691 2.69235 2.69235 3.20179 3.3901 3.64264 3.64264 3.67344 3.67344 3.73908 3.73908 5.09489 5.09489 5.36136 7.20086 7.36477 
3.19189e-16 -7.36391 -7.20029 -5.3593 -5.09242 -5.09242 -3.70788 -3.70788 -3.67088 -3.67088 -3.67088 -3.67088 -3.38454 -3.20029 -2.69072 -2.69072 -2.69072 -2.69072 -2 -2 -2 -2 -1.98246 -1.49242 -1.49242 -1.00231 -1.00231 -1.00231 -1.00231 -0.615463 -0.107878 -0.107878 -0.0221476 0.0221476 0.107878 0.107878 0.615463 1.00231 1.00231 1.00231 1.00231 1.49242 1.49242 1.98246 2 2 2 2 2.69072 2.69072 2.69072 2.69072 3.20029 3.38454 3.67088 3.67088 3.67088 3.67088 3.70788 3.70788 5.09242 5.09242 5.3593 7.20029 7.36391 
0.05 -7.55187 -7.01834 -5.36185 -5.10023 -5.10023 -3.79365 -3.79365 -3.67108 -3.67108 -3.59701 -3.59701 -3.38542 -3.24089 -2.70313 -2.68999 -2.68999 -2.66774 -2.00303 -2.00303 -1.98787 -1.98352 -1.98318 -1.49994 -1.49994 -1.00265 -1.00265 -0.986253 -0.986253 -0.62366 -0.0991763 -0.0991763 -0.00959754 0.023298 0.106292 0.106292 0.613444 0.999327 0.999327 1.00023 1.00023 1.49512 1.49512 1.91144 1.99965 1.99965 2 2.07125 2.68775 2.691 2.69235 2.69235 3.20179 3.3901 3.64264 3.64264 3.67344 3.67344 3.73908 3.73908 5.09489 5.09489 5.36136 7.20086 7.36477 
0.1 -7.80699 -6.78219 -5.36851 -5.12346 -5.12346 -3.90545 -3.90545 -3.67186 -3.67186 -3.52122 -3.52122 -3.38807 -3.34294 -2.73803 -2.68748 -2.68748 -2.61844 -2.01203 -2.01203 -1.98529 -1.95379 -1.93419 -1.51912 -1.51912 -1.00318 -1.00318 -0.941557 -0.941557 -0.645777 -0.0738427 -0.0738427 0.0109362 0.0412868 0.101558 0.101558 0.607413 0.990794 0.990794 0.994077 0.994077 1.50299 1.50299 1.8331 1.99868 1.99868 2 2.1503 2.67917 2.69182 2.69711 2.69711 3.20634 3.40645 3.60437 3.60437 3.68112 3.68112 3.78621 3.78621 5.10229 5.10229 5.36753 7.20254 7.36734 
0.15 -8.06977 -6.55475 -5.37588 -5.16151 -5.16151 -4.02651 -4.02651 -3.67377 -3.67377 -3.47807 -3.46101 -3.46101 -3.39252 -2.79026 -2.68241 -2.68241 -2.56956 -2.02664 -2.02664 -1.98874 -1.90293 -1.85369 -1.543 -1.543 -1.00264 -1.00264 -0.875463 -0.875463 -0.676377 -0.034029 -0.034029 0.0127694 0.0937579 0.0937579 0.0970318 0.597448 0.977852 0.977852 0.984087 0.984087 1.5154 1.5154 1.75592 1.99731 1.99731 2 2.22882 2.66585 2.69319 2.70471 2.70471 3.21409 3.43267 3.56797 3.56797 3.69393 3.69393 3.83738 3.83738 5.11458 5.11458 5.37776 7.20537 7.37164 
0.2 -8.33648 -6.3472 -5.37653 -5.21349 -5.21349 -4.15522 -4.15522 -3.67761 -3.67761 -3.63069 -3.41875 -3.41875 -3.39878 -2.85462 -2.67386 -2.67386 -2.53183 -2.04631 -2.04631 -1.99338 -1.8405 -1.74699 -1.56541 -1.56541 -0.999483 -0.999483 -0.794653 -0.794653 -0.710222 0.0107335 0.0170952 0.0170952 0.0830257 0.0830257 0.169832 0.58368 0.962292 0.962292 0.970675 0.970675 1.53152 1.53152 1.68076 1.99588 1.99588 2 2.3062 2.64897 2.69512 2.71472 2.71472 3.22535 3.46753 3.53432 3.53432 3.71187 3.71187 3.89167 3.89167 5.13171 5.13171 5.392 7.20933 7.3777 
0.25 -8.60601 -6.175 -5.35625 -5.27834 -5.27834 -4.2905 -4.2905 -3.79349 -3.6843 -3.6843 -3.40673 -3.39568 -3.39568 -2.9272 -2.66134 -2.66134 -2.50575 -2.07024 -2.07024 -1.99895 -1.77041 -1.62101 -1.58237 -1.58237 -0.992274 -0.992274 -0.74363 -0.704034 -0.704034 0.00784951 0.0695484 0.0695484 0.0756288 0.0756288 0.251928 0.566306 0.946508 0.946508 0.95446 0.95446 1.55056 1.55056 1.60869 1.99478 1.99478 2 2.38189 2.62974 2.69761 2.72662 2.72662 3.24049 3.50362 3.50362 3.50974 3.73493 3.73493 3.94884 3.94884 5.15359 5.15359 5.41018 7.21446 7.38555 
0.3 -8.87778 -6.05941 -5.35491 -5.35491 -5.29475 -4.43154 -4.43154 -3.96278 -3.69477 -3.69477 -3.41605 -3.39169 -3.39169 -3.00538 -2.64525 -2.64525 -2.48867 -2.09748 -2.09748 -2.00509 -1.6953 -1.59166 -1.59166 -1.4823 -0.980005 -0.980005 -0.774447 -0.6072 -0.6072 0.00482613 0.0535668 0.0535668 0.136989 0.136989 0.338778 0.545593 0.933623 0.933623 0.936316 0.936316 1.54117 1.5718 1.5718 1.9944 1.9944 2 2.45531 2.60928 2.70068 2.73986 2.73986 3.26003 3.47599 3.47599 3.55811 3.76306 3.76306 4.00877 4.00877 5.18013 5.18013 5.43217 7.22077 7.39525 
0.35 -9.15144 -6.01253 -5.44206 -5.44206 -5.18109 -4.57764 -4.57764 -4.13653 -3.70988 -3.70988 -3.42604 -3.40533 -3.40533 -3.08745 -2.62688 -2.62688 -2.47794 -2.12701 -2.12701 -2.01125 -1.61687 -1.59239 -1.59239 -1.33581 -0.962138 -0.962138 -0.801677 -0.507083 -0.507083 0.00218012 0.035375 0.035375 0.195787 0.195787 0.426255 0.521904 0.917434 0.917434 0.927673 0.927673 1.48045 1.59478 1.59478 1.99514 1.99514 2 2.52587 2.5885 2.70432 2.75397 2.75397 3.28455 3.45148 3.45148 3.6116 3.79619 3.79619 4.07136 4.07136 5.21121 5.21121 5.45786 7.22828 7.40685 
0.4 -9.42671 -6.02313 -5.5387 -5.5387 -5.0282 -4.72822 -4.72822 -4.31352 -3.7303 -3.7303 -3.43537 -3.43427 -3.43427 -3.17233 -2.60794 -2.60794 -2.47162 -2.15779 -2.15779 -2.01674 -1.58462 -1.58462 -1.53623 -1.18512 -0.938547 -0.938547 -0.825144 -0.406446 -0.406446 0.000423744 0.0153209 0.0153209 0.245893 0.245893 0.495729 0.509696 0.899423 0.899423 0.933545 0.933545 1.42995 1.6192 1.6192 1.99734 1.99734 2 2.56812 2.59297 2.70856 2.76853 2.76853 3.31471 3.43017 3.43017 3.66939 3.83419 3.83419 4.13654 4.13654 5.2467 5.2467 5.48712 7.23704 7.42042 
0.45 -9.7034 -6.07146 -5.64386 -5.64386 -4.88278 -4.88278 -4.85853 -4.49296 -3.75651 -3.75651 -3.47594 -3.47594 -3.44175 -3.25928 -2.59005 -2.59005 -2.46845 -2.18891 -2.18891 -2.02066 -1.56913 -1.56913 -1.45413 -1.03287 -0.909415 -0.909415 -0.845251 -0.308236 -0.308236 -0.00619431 -0.00619431 7.17611e-05 0.281356 0.281356 0.467748 0.583187 0.884432 0.884432 0.956013 0.956013 1.39478 1.645 1.645 2 2.00132 2.00132 2.54869 2.65608 2.71341 2.78323 2.78323 3.3511 3.41211 3.41211 3.73077 3.87687 3.87687 4.20422 4.20422 5.28647 5.28647 5.51977 7.24706 7.43605 
0.5 -9.98135 -6.14363 -5.75665 -5.75665 -5.04089 -5.04089 -4.69016 -4.67433 -3.78878 -3.78878 -3.52789 -3.52789 -3.44153 -3.3478 -2.57437 -2.57437 -2.4676 -2.21962 -2.21962 -2.02191 -1.54723 -1.54723 -1.37108 -0.881272 -0.875134 -0.875134 -0.862787 -0.215846 -0.215846 -0.0287181 -0.0287181 0.00159514 0.298405 0.298405 0.438936 0.639594 0.875268 0.875268 0.997671 0.997671 1.38158 1.67236 1.67236 2 2.00741 2.00741 2.53066 2.71488 2.71889 2.79786 2.79786 3.39422 3.39742 3.39742 3.79521 3.92403 3.92403 4.27432 4.27432 5.33037 5.33037 5.55566 7.2584 7.45384 
0.55 -10.2604 -6.23197 -5.87628 -5.87628 -5.20218 -5.20218 -4.85725 -4.53693 -3.82718 -3.82718 -3.58807 -3.58807 -3.43756 -3.42927 -2.56154 -2.56154 -2.46857 -2.24936 -2.24936 -2.01916 -1.52057 -1.52057 -1.28745 -0.878769 -0.836223 -0.836223 -0.732633 -0.133209 -0.133209 -0.0517453 -0.0517453 0.00533218 0.296979 0.296979 0.410774 0.672654 0.875401 0.875401 1.0573 1.0573 1.39643 1.70175 1.70175 2 2.01591 2.01591 2.51434 2.72501 2.7693 2.81232 2.81232 3.38622 3.38622 3.44431 3.86224 3.97541 3.97541 4.34679 4.34679 5.37827 5.37827 5.5946 7.2711 7.47389 
0.6 -10.5405 -6.33221 -6.00206 -6.00206 -5.36632 -5.36632 -5.04147 -4.41084 -3.87159 -3.87159 -3.65481 -3.65481 -3.5283 -3.39826 -2.55175 -2.55175 -2.47101 -2.27777 -2.27777 -2.01078 -1.49102 -1.49102 -1.2035 -0.89429 -0.793277 -0.793277 -0.589864 -0.0752077 -0.0752077 -0.0640287 -0.0640287 0.0113498 0.280017 0.280017 0.38563 0.680991 0.88861 0.88861 1.1305 1.1305 1.44084 1.73395 1.73395 2 2.0272 2.0272 2.49999 2.73179 2.81965 2.82659 2.82659 3.37867 3.37867 3.50135 3.9315 4.03072 4.03072 4.42156 4.42156 5.43002 5.43002 5.6364 7.28522 7.49632 
0.65 -10.8216 -6.44184 -6.13337 -6.13337 -5.53303 -5.53303 -5.22676 -4.32124 -3.92175 -3.92175 -3.72678 -3.72678 -3.61984 -3.34322 -2.54496 -2.54496 -2.47472 -2.30467 -2.30467 -1.99475 -1.46052 -1.46052 -1.11943 -0.910389 -0.746947 -0.746947 -0.457308 -0.097496 -0.097496 -0.0128664 -0.0128664 0.0192451 0.251425 0.251425 0.367464 0.669676 0.918034 0.918034 1.21155 1.21155 1.51035 1.77024 1.77024 2 2.04173 2.04173 2.48785 2.73927 2.84073 2.84073 2.86657 3.37498 3.37498 3.565 4.00268 4.08968 4.08968 4.49855 4.49855 5.48547 5.48547 5.68087 7.3008 7.52129 
0.7 -11.1034 -6.55924 -6.26968 -6.26968 -5.70205 -5.70205 -5.41299 -4.27129 -3.97729 -3.97729 -3.80294 -3.80294 -3.71205 -3.26468 -2.54095 -2.54095 -2.47956 -2.33004 -2.33004 -1.96864 -1.43098 -1.43098 -1.03542 -0.927927 -0.697947 -0.697947 -0.341827 -0.119226 -0.119226 0.0198851 0.0198851 0.0278868 0.214722 0.214722 0.36284 0.647222 0.964838 0.964838 1.29472 1.29472 1.59766 1.81235 1.81235 2 2.06009 2.06009 2.47811 2.74747 2.85486 2.85486 2.91099 3.37544 3.37544 3.63476 4.07551 4.15199 4.15199 4.57771 4.57771 5.54449 5.54449 5.72778 7.31792 7.54893 
0.75 -11.3861 -6.68325 -6.41051 -6.41051 -5.87317 -5.87317 -5.60003 -4.25675 -4.03778 -4.03778 -3.88249 -3.88249 -3.80482 -3.17064 -2.53946 -2.53946 -2.48546 -2.35395 -2.35395 -1.92971 -1.40425 -1.40425 -0.951595 -0.947488 -0.647081 -0.647081 -0.253129 -0.140009 -0.140009 0.035146 0.0354765 0.0354765 0.172714 0.172714 0.381208 0.622349 1.02742 1.02742 1.37473 1.37473 1.69609 1.86245 1.86245 2 2.08304 2.08304 2.47099 2.75641 2.86915 2.86915 2.95403 3.38042 3.38042 3.71 4.14978 4.21735 4.21735 4.659 4.659 5.60694 5.60694 5.77694 7.33664 7.57941 
0.8 -11.6695 -6.81302 -6.55544 -6.55544 -6.04618 -6.04618 -5.78778 -4.26957 -4.10275 -4.10275 -3.96478 -3.96478 -3.89807 -3.07281 -2.54025 -2.54025 -2.49236 -2.37657 -2.37657 -1.87533 -1.38203 -1.38203 -0.969278 -0.868066 -0.595332 -0.595332 -0.200025 -0.160208 -0.160208 0.0378076 0.0379822 0.0379822 0.127691 0.127691 0.431119 0.602992 1.10188 1.10188 1.44716 1.44716 1.80067 1.9225 1.9225 2 2.11157 2.11157 2.46672 2.76614 2.88382 2.88382 2.99691 3.39036 3.39036 3.7901 4.22528 4.28549 4.28549 4.74237 4.74237 5.6727 5.6727 5.82813 7.35705 7.61291 
0.85 -11.9536 -6.94789 -6.7041 -6.7041 -6.2209 -6.2209 -5.97617 -4.30205 -4.17172 -4.17172 -4.04932 -4.04932 -3.99174 -2.98174 -2.54309 -2.54309 -2.50025 -2.39811 -2.39811 -1.80393 -1.3658 -1.3658 -0.992997 -0.784933 -0.544022 -0.544022 -0.18288 -0.180939 -0.180939 0.03209 0.0329585 0.0329585 0.081804 0.081804 0.512645 0.59609 1.18328 1.18328 1.50923 1.50923 1.90782 1.99328 1.99328 2 2.14686 2.14686 2.46558 2.77667 2.89915 2.89915 3.04092 3.40585 3.40585 3.87452 4.30186 4.35615 4.35615 4.82778 4.82778 5.74165 5.74165 5.88114 7.37921 7.64963 
0.9 -12.2383 -7.08732 -6.85615 -6.85615 -6.39719 -6.39719 -6.16512 -4.34847 -4.24423 -4.24423 -4.1357 -4.1357 -4.08577 -2.90429 -2.54782 -2.54782 -2.50915 -2.41882 -2.41882 -1.71632 -1.35674 -1.35674 -1.01757 -0.702286 -0.495137 -0.495137 -0.204145 -0.204145 -0.193279 0.0150513 0.0264057 0.0264057 0.0375553 0.0375553 0.606731 0.617016 1.26668 1.26668 1.56033 1.56033 2 2.01483 2.07365 2.07365 2.19028 2.19028 2.46794 2.78806 2.91547 2.91547 3.08734 3.4276 3.4276 3.96279 4.37936 4.42909 4.42909 4.91521 4.91521 5.81367 5.81367 5.93575 7.40323 7.68976 
0.95 -12.5236 -7.23084 -7.01131 -7.01131 -6.57491 -6.57491 -6.35459 -4.40491 -4.31987 -4.31987 -4.22362 -4.22362 -4.18013 -2.84324 -2.55429 -2.55429 -2.51906 -2.43894 -2.43894 -1.61699 -1.35566 -1.35566 -1.04047 -0.620208 -0.451906 -0.451906 -0.232101 -0.232101 -0.221544 -0.0139162 -0.00150318 -0.00150318 0.0237682 0.0237682 0.637106 0.73411 1.34771 1.34771 1.60169 1.60169 2 2.11953 2.16078 2.16078 2.24309 2.24309 2.47423 2.80034 2.93324 2.93324 3.13745 3.45642 3.45642 4.05458 4.45765 4.50408 4.50408 5.00464 5.00464 5.88868 5.88868 5.99178 7.42921 7.73351 
1 -12.8094 -7.37808 -7.1693 -7.1693 -6.75392 -6.75392 -6.54452 -4.46878 -4.39823 -4.39823 -4.31281 -4.31281 -4.27477 -2.79819 -2.56242 -2.56242 -2.53003 -2.45873 -2.45873 -1.51567 -1.36297 -1.36297 -1.05593 -0.538776 -0.419558 -0.419558 -0.266387 -0.266387 -0.260866 -0.0529555 -0.0299415 -0.0299415 0.0288098 0.0288098 0.686703 0.856556 1.42294 1.42294 1.63526 1.63526 2 2.22012 2.25119 2.25119 2.30619 2.30619 2.48503 2.81355 2.95306 2.95306 3.19245 3.49324 3.49324 4.14962 4.53661 4.58093 4.58093 5.09606 5.09606 5.96657 5.96657 6.04901 7.45723 7.78112 
