0.05 -6.00375 -6.00375 -2.17565 -2.15183 -2.15183 -2.09991 -2.0872 -2.0872 -2.0872 -2.0872 -2.05192 -2.05192 -2.00375 -2.0025 -2.0025 -2.0025 -2.0025 -2 -2 -2 -2 -1.99875 -1.95183 -1.95183 -1.91405 -1.91405 -1.91405 -1.91405 -1.90009 -1.85192 -1.85192 -1.82935 1.82935 1.85192 1.85192 1.90009 1.91405 1.91405 1.91405 1.91405 1.95183 1.95183 1.99875 2 2 2 2 2.0025 2.0025 2.0025 2.0025 2.00375 2.05192 2.05192 2.0872 2.0872 2.0872 2.0872 2.09991 2.15183 2.15183 2.17565 6.00375 6.00375 
0.1 -6.01501 -6.01501 -2.35595 -2.30713 -2.30713 -2.19925 -2.1755 -2.1755 -2.1755 -2.1755 -2.10788 -2.10788 -2.01501 -2.00998 -2.00998 -2.00998 -2.00998 -2 -2 -2 -2 -1.99506 -1.90713 -1.90713 -1.82953 -1.82953 -1.82953 -1.82953 -1.80075 -1.70788 -1.70788 -1.664 1.664 1.70788 1.70788 1.80075 1.82953 1.82953 1.82953 1.82953 1.90713 1.90713 1.99506 2 2 2 2 2.00998 2.00998 2.00998 2.00998 2.01501 2.10788 2.10788 2.1755 2.1755 2.1755 2.1755 2.19925 2.30713 2.30713 2.35595 6.01501 6.01501 
0.15 -6.0338 -6.03379 -2.54051 -2.46564 -2.46564 -2.29749 -2.26478 -2.26478 -2.26478 -2.26478 -2.16815 -2.16815 -2.03379 -2.02237 -2.02237 -2.02237 -2.02237 -2 -2 -2 -2 -1.98905 -1.86564 -1.86564 -1.74665 -1.74665 -1.74665 -1.74665 -1.70251 -1.56815 -1.56815 -1.50424 1.50424 1.56815 1.56815 1.70251 1.74665 1.74665 1.74665 1.74665 1.86564 1.86564 1.98905 2 2 2 2 2.02237 2.02237 2.02237 2.02237 2.03379 2.16815 2.16815 2.26478 2.26478 2.26478 2.26478 2.29749 2.46564 2.46564 2.54051 6.03379 6.0338 
0.2 -6.06017 -6.06014 -2.72889 -2.62711 -2.62711 -2.39408 -2.35492 -2.35492 -2.35492 -2.35492 -2.23303 -2.23303 -2.06014 -2.03961 -2.03961 -2.03961 -2.03961 -2 -2 -2 -2 -1.98095 -1.82711 -1.82711 -1.66564 -1.66564 -1.66564 -1.66564 -1.60592 -1.43303 -1.43303 -1.35033 1.35033 1.43303 1.43303 1.60592 1.66564 1.66564 1.66564 1.66564 1.82711 1.82711 1.98095 2 2 2 2 2.03961 2.03961 2.03961 2.03961 2.06014 2.23303 2.23303 2.35492 2.35492 2.35492 2.35492 2.39408 2.62711 2.62711 2.72889 6.06014 6.06017 
0.25 -6.09418 -6.09406 -2.92057 -2.79129 -2.79129 -2.48851 -2.44582 -2.44582 -2.44582 -2.44582 -2.30278 -2.30278 -2.09406 -2.06155 -2.06155 -2.06155 -2.06155 -2 -2 -2 -2 -1.97108 -1.79129 -1.79129 -1.5868 -1.5868 -1.5868 -1.5868 -1.51149 -1.30278 -1.30278 -1.20253 1.20253 1.30278 1.30278 1.51149 1.5868 1.5868 1.5868 1.5868 1.79129 1.79129 1.97108 2 2 2 2 2.06155 2.06155 2.06155 2.06155 2.09406 2.30278 2.30278 2.44582 2.44582 2.44582 2.44582 2.48851 2.79129 2.79129 2.92057 6.09406 6.09418 
0.3 -6.13595 -6.1356 -3.115 -2.95797 -2.95797 -2.58033 -2.53741 -2.53741 -2.53741 -2.53741 -2.37764 -2.37764 -2.1356 -2.08806 -2.08806 -2.08806 -2.08806 -2 -2 -2 -2 -1.95983 -1.75797 -1.75797 -1.51048 -1.51048 -1.51048 -1.51048 -1.41967 -1.17764 -1.17764 -1.06113 1.06113 1.17764 1.17764 1.41967 1.51048 1.51048 1.51048 1.51048 1.75797 1.75797 1.95983 2 2 2 2 2.08806 2.08806 2.08806 2.08806 2.1356 2.37764 2.37764 2.53741 2.53741 2.53741 2.53741 2.58033 2.95797 2.95797 3.115 6.1356 6.13595 
0.35 -6.18563 -6.18477 -3.31152 -3.12693 -3.12693 -2.66909 -2.62961 -2.62961 -2.62961 -2.62961 -2.45784 -2.45784 -2.18477 -2.11896 -2.11896 -2.11896 -2.11896 -2 -2 -2 -2 -1.94771 -1.72693 -1.72693 -1.43706 -1.43706 -1.43706 -1.43706 -1.33091 -1.05784 -1.05784 -0.926403 0.926403 1.05784 1.05784 1.33091 1.43706 1.43706 1.43706 1.43706 1.72693 1.72693 1.94771 2 2 2 2 2.11896 2.11896 2.11896 2.11896 2.18477 2.45784 2.45784 2.62961 2.62961 2.62961 2.62961 2.66909 3.12693 3.12693 3.31152 6.18477 6.18563 
0.4 -6.24344 -6.24156 -3.50942 -3.298 -3.298 -2.75444 -2.72237 -2.72237 -2.72237 -2.72237 -2.54356 -2.54356 -2.24156 -2.15407 -2.15407 -2.15407 -2.15407 -2 -2 -2 -2 -1.93531 -1.698 -1.698 -1.36701 -1.36701 -1.36701 -1.36701 -1.24556 -0.94356 -0.94356 -0.79871 0.79871 0.94356 0.94356 1.24556 1.36701 1.36701 1.36701 1.36701 1.698 1.698 1.93531 2 2 2 2 2.15407 2.15407 2.15407 2.15407 2.24156 2.54356 2.54356 2.72237 2.72237 2.72237 2.72237 2.75444 3.298 3.298 3.50942 6.24156 6.24344 
0.45 -6.30967 -6.30593 -3.7079 -3.47099 -3.47099 -2.83606 -2.81562 -2.81562 -2.81562 -2.81562 -2.63494 -2.63494 -2.30593 -2.19317 -2.19317 -2.19317 -2.19317 -2 -2 -2 -2 -1.92333 -1.67099 -1.67099 -1.30089 -1.30089 -1.30089 -1.30089 -1.16394 -0.834935 -0.834935 -0.678443 0.678443 0.834935 0.834935 1.16394 1.30089 1.30089 1.30089 1.30089 1.67099 1.67099 1.92333 2 2 2 2 2.19317 2.19317 2.19317 2.19317 2.30593 2.63494 2.63494 2.81562 2.81562 2.81562 2.81562 2.83606 3.47099 3.47099 3.7079 6.30593 6.30967 
0.5 -6.38469 -6.3778 -3.90607 -3.64575 -3.64575 -2.9137 -2.90931 -2.90931 -2.90931 -2.90931 -2.73205 -2.73205 -2.3778 -2.23607 -2.23607 -2.23607 -2.23607 -2 -2 -2 -2 -1.91256 -1.64575 -1.64575 -1.23931 -1.23931 -1.23931 -1.23931 -1.0863 -0.732051 -0.732051 -0.566069 0.566069 0.732051 0.732051 1.0863 1.23931 1.23931 1.23931 1.23931 1.64575 1.64575 1.91256 2 2 2 2 2.23607 2.23607 2.23607 2.23607 2.3778 2.73205 2.73205 2.90931 2.90931 2.90931 2.90931 2.9137 3.64575 3.64575 3.90607 6.3778 6.38469 
0.55 -6.46896 -6.45707 -4.10296 -3.82213 -3.82213 -3.00342 -3.00342 -3.00342 -3.00342 -2.9872 -2.83494 -2.83494 -2.45707 -2.28254 -2.28254 -2.28254 -2.28254 -2 -2 -2 -2 -1.90387 -1.62213 -1.62213 -1.183 -1.183 -1.183 -1.183 -1.0128 -0.634935 -0.634935 -0.462125 0.462125 0.634935 0.634935 1.0128 1.183 1.183 1.183 1.183 1.62213 1.62213 1.90387 2 2 2 2 2.28254 2.28254 2.28254 2.28254 2.45707 2.83494 2.83494 2.9872 3.00342 3.00342 3.00342 3.00342 3.82213 3.82213 4.10296 6.45707 6.46896 
0.6 -6.563 -6.54356 -4.29754 -4 -4 -3.09789 -3.09789 -3.09789 -3.09789 -3.05644 -2.94356 -2.94356 -2.54356 -2.33238 -2.33238 -2.33238 -2.33238 -2 -2 -2 -2 -1.89824 -1.6 -1.6 -1.13273 -1.13273 -1.13273 -1.13273 -0.94356 -0.54356 -0.54356 -0.367221 0.367221 0.54356 0.54356 0.94356 1.13273 1.13273 1.13273 1.13273 1.6 1.6 1.89824 2 2 2 2 2.33238 2.33238 2.33238 2.33238 2.54356 2.94356 2.94356 3.05644 3.09789 3.09789 3.09789 3.09789 4 4 4.29754 6.54356 6.563 
0.65 -6.66741 -6.63708 -4.48873 -4.17924 -4.17924 -3.1927 -3.1927 -3.1927 -3.1927 -3.1214 -3.05784 -3.05784 -2.63708 -2.38537 -2.38537 -2.38537 -2.38537 -2 -2 -2 -2 -1.89667 -1.57924 -1.57924 -1.08934 -1.08934 -1.08934 -1.08934 -0.878604 -0.45784 -0.45784 -0.282015 0.282015 0.45784 0.45784 0.878604 1.08934 1.08934 1.08934 1.08934 1.57924 1.57924 1.89667 2 2 2 2 2.38537 2.38537 2.38537 2.38537 2.63708 3.05784 3.05784 3.1214 3.1927 3.1927 3.1927 3.1927 4.17924 4.17924 4.48873 6.63708 6.66741 
0.7 -6.78282 -6.73737 -4.67544 -4.35973 -4.35973 -3.28782 -3.28782 -3.28782 -3.28782 -3.18209 -3.17764 -3.17764 -2.73737 -2.44131 -2.44131 -2.44131 -2.44131 -2 -2 -2 -2 -1.90019 -1.55973 -1.55973 -1.05369 -1.05369 -1.05369 -1.05369 -0.817909 -0.377639 -0.377639 -0.207182 0.207182 0.377639 0.377639 0.817909 1.05369 1.05369 1.05369 1.05369 1.55973 1.55973 1.90019 2 2 2 2 2.44131 2.44131 2.44131 2.44131 2.73737 3.17764 3.17764 3.18209 3.28782 3.28782 3.28782 3.28782 4.35973 4.35973 4.67544 6.73737 6.78282 
0.75 -6.90979 -6.84416 -4.85665 -4.54138 -4.54138 -3.38322 -3.38322 -3.38322 -3.38322 -3.30278 -3.30278 -3.23861 -2.84416 -2.5 -2.5 -2.5 -2.5 -2 -2 -2 -2 -1.90979 -1.54138 -1.54138 -1.02657 -1.02657 -1.02657 -1.02657 -0.761394 -0.302776 -0.302776 -0.143355 0.143355 0.302776 0.302776 0.761394 1.02657 1.02657 1.02657 1.02657 1.54138 1.54138 1.90979 2 2 2 2 2.5 2.5 2.5 2.5 2.84416 3.23861 3.30278 3.30278 3.38322 3.38322 3.38322 3.38322 4.54138 4.54138 4.85665 6.84416 6.90979 
0.8 -7.0488 -6.95713 -5.03144 -4.7241 -4.7241 -3.47887 -3.47887 -3.47887 -3.47887 -3.43303 -3.43303 -3.29107 -2.95713 -2.56125 -2.56125 -2.56125 -2.56125 -2 -2 -2 -2 -1.92631 -1.5241 -1.5241 -1.00868 -1.00868 -1.00868 -1.00868 -0.70893 -0.23303 -0.23303 -0.091057 0.091057 0.23303 0.23303 0.70893 1.00868 1.00868 1.00868 1.00868 1.5241 1.5241 1.92631 2 2 2 2 2.56125 2.56125 2.56125 2.56125 2.95713 3.29107 3.43303 3.43303 3.47887 3.47887 3.47887 3.47887 4.7241 4.7241 5.03144 6.95713 7.0488 
0.85 -7.20016 -7.07596 -5.19914 -4.9078 -4.9078 -3.57477 -3.57477 -3.57477 -3.57477 -3.56815 -3.56815 -3.33965 -3.07596 -2.62488 -2.62488 -2.62488 -2.62488 -2 -2 -2 -2 -1.9504 -1.5078 -1.5078 -1.00051 -1.00051 -1.00051 -1.00051 -0.660351 -0.168154 -0.168154 -0.0506255 0.0506255 0.168154 0.168154 0.660351 1.00051 1.00051 1.00051 1.00051 1.5078 1.5078 1.9504 2 2 2 2 2.62488 2.62488 2.62488 2.62488 3.07596 3.33965 3.56815 3.56815 3.57477 3.57477 3.57477 3.57477 4.9078 4.9078 5.19914 7.07596 7.20016 
0.9 -7.36391 -7.20029 -5.3593 -5.09242 -5.09242 -3.70788 -3.70788 -3.67088 -3.67088 -3.67088 -3.67088 -3.38454 -3.20029 -2.69072 -2.69072 -2.69072 -2.69072 -2 -2 -2 -2 -1.98246 -1.49242 -1.49242 -1.00231 -1.00231 -1.00231 -1.00231 -0.615463 -0.107878 -0.107878 -0.0221476 0.0221476 0.107878 0.107878 0.615463 1.00231 1.00231 1.00231 1.00231 1.49242 1.49242 1.98246 2 2 2 2 2.69072 2.69072 2.69072 2.69072 3.20029 3.38454 3.67088 3.67088 3.67088 3.67088 3.70788 3.70788 5.09242 5.09242 5.3593 7.20029 7.36391 
0.95 -7.53983 -7.32979 -5.51182 -5.27787 -5.27787 -3.85192 -3.85192 -3.7672 -3.7672 -3.7672 -3.7672 -3.42595 -3.32979 -2.75862 -2.75862 -2.75862 -2.75862 -2.02258 -2 -2 -2 -2 -1.47787 -1.47787 -1.01401 -1.01401 -1.01401 -1.01401 -0.574053 -0.0519221 -0.0519221 -0.0054286 0.0054286 0.0519221 0.0519221 0.574053 1.01401 1.01401 1.01401 1.01401 1.47787 1.47787 2 2 2 2 2.02258 2.75862 2.75862 2.75862 2.75862 3.32979 3.42595 3.7672 3.7672 3.7672 3.7672 3.85192 3.85192 5.27787 5.27787 5.51182 7.32979 7.53983 
1 -7.72741 -7.4641 -5.65685 -5.4641 -5.4641 -4 -4 -3.8637 -3.8637 -3.8637 -3.8637 -3.4641 -3.4641 -2.82843 -2.82843 -2.82843 -2.82843 -2.07055 -2 -2 -2 -2 -1.4641 -1.4641 -1.03528 -1.03528 -1.03528 -1.03528 -0.535898 -7.93621e-16 -4.48198e-16 -1.87291e-16 2.74926e-16 5.14373e-16 8.43248e-16 0.535898 1.03528 1.03528 1.03528 1.03528 1.4641 1.4641 2 2 2 2 2.07055 2.82843 2.82843 2.82843 2.82843 3.4641 3.4641 3.8637 3.8637 3.8637 3.8637 4 4 5.4641 5.4641 5.65685 7.4641 7.72741 
1.05 -7.92593 -7.60288 -5.79484 -5.65106 -5.65106 -4.15183 -4.15183 -3.96038 -3.96038 -3.96038 -3.96038 -3.60288 -3.49923 -2.9 -2.9 -2.9 -2.9 -2.12593 -2 -2 -2 -2 -1.45106 -1.45106 -1.06555 -1.06555 -1.06555 -1.06555 -0.500772 -0.0481715 -0.0481715 -0.00516476 0.00516476 0.0481715 0.0481715 0.500772 1.06555 1.06555 1.06555 1.06555 1.45106 1.45106 2 2 2 2 2.12593 2.9 2.9 2.9 2.9 3.49923 3.60288 3.96038 3.96038 3.96038 3.96038 4.15183 4.15183 5.65106 5.65106 5.79484 7.60288 7.92593 
1.1 -8.13451 -7.74581 -5.92636 -5.83868 -5.83868 -4.30713 -4.30713 -4.05722 -4.05722 -4.05722 -4.05722 -3.74581 -3.53155 -2.97321 -2.97321 -2.97321 -2.97321 -2.18808 -2 -2 -2 -2 -1.43868 -1.43868 -1.10407 -1.10407 -1.10407 -1.10407 -0.46845 -0.0928692 -0.0928692 -0.0200677 0.0200677 0.0928692 0.0928692 0.46845 1.10407 1.10407 1.10407 1.10407 1.43868 1.43868 2 2 2 2 2.18808 2.97321 2.97321 2.97321 2.97321 3.53155 3.74581 4.05722 4.05722 4.05722 4.05722 4.30713 4.30713 5.83868 5.83868 5.92636 7.74581 8.13451 
1.15 -8.35219 -7.89257 -6.05213 -6.02693 -6.02693 -4.46564 -4.46564 -4.15421 -4.15421 -4.15421 -4.15421 -3.89257 -3.56129 -3.04795 -3.04795 -3.04795 -3.04795 -2.25629 -2 -2 -2 -2 -1.42693 -1.42693 -1.15003 -1.15003 -1.15003 -1.15003 -0.438712 -0.134359 -0.134359 -0.0437722 0.0437722 0.134359 0.134359 0.438712 1.15003 1.15003 1.15003 1.15003 1.42693 1.42693 2 2 2 2 2.25629 3.04795 3.04795 3.04795 3.04795 3.56129 3.89257 4.15421 4.15421 4.15421 4.15421 4.46564 4.46564 6.02693 6.02693 6.05213 7.89257 8.35219 
1.2 -8.578 -8.04286 -6.21576 -6.21576 -6.17287 -4.62711 -4.62711 -4.25133 -4.25133 -4.25133 -4.25133 -4.04286 -3.58865 -3.1241 -3.1241 -3.1241 -3.1241 -2.3298 -2 -2 -2 -2 -1.41576 -1.41576 -1.20256 -1.20256 -1.20256 -1.20256 -0.411349 -0.172894 -0.172894 -0.0753278 0.0753278 0.172894 0.172894 0.411349 1.20256 1.20256 1.20256 1.20256 1.41576 1.41576 2 2 2 2 2.3298 3.1241 3.1241 3.1241 3.1241 3.58865 4.04286 4.25133 4.25133 4.25133 4.25133 4.62711 4.62711 6.17287 6.21576 6.21576 8.04286 8.578 
1.25 -8.81101 -8.19641 -6.40512 -6.40512 -6.2893 -4.79129 -4.79129 -4.34859 -4.34859 -4.34859 -4.34859 -4.19641 -3.61384 -3.20156 -3.20156 -3.20156 -3.20156 -2.40788 -2 -2 -2 -2 -1.40512 -1.40512 -1.26085 -1.26085 -1.26085 -1.26085 -0.386163 -0.208712 -0.208712 -0.113821 0.113821 0.208712 0.208712 0.386163 1.26085 1.26085 1.26085 1.26085 1.40512 1.40512 2 2 2 2 2.40788 3.20156 3.20156 3.20156 3.20156 3.61384 4.19641 4.34859 4.34859 4.34859 4.34859 4.79129 4.79129 6.2893 6.40512 6.40512 8.19641 8.81101 
1.3 -9.05035 -8.35296 -6.595 -6.595 -6.40208 -4.95797 -4.95797 -4.44597 -4.44597 -4.44597 -4.44597 -4.35296 -3.63703 -3.28024 -3.28024 -3.28024 -3.28024 -2.48986 -2 -2 -2 -2 -1.395 -1.395 -1.32414 -1.32414 -1.32414 -1.32414 -0.362968 -0.242035 -0.242035 -0.158408 0.158408 0.242035 0.242035 0.362968 1.32414 1.32414 1.32414 1.32414 1.395 1.395 2 2 2 2 2.48986 3.28024 3.28024 3.28024 3.28024 3.63703 4.35296 4.44597 4.44597 4.44597 4.44597 4.95797 4.95797 6.40208 6.595 6.595 8.35296 9.05035 
1.35 -9.29526 -8.51227 -6.78534 -6.78534 -6.51179 -5.12693 -5.12693 -4.54347 -4.54347 -4.54347 -4.54347 -4.51227 -3.65841 -3.36006 -3.36006 -3.36006 -3.36006 -2.57514 -2 -2 -2 -2 -1.39173 -1.39173 -1.39173 -1.39173 -1.38534 -1.38534 -0.341593 -0.273068 -0.273068 -0.208329 0.208329 0.273068 0.273068 0.341593 1.38534 1.38534 1.39173 1.39173 1.39173 1.39173 2 2 2 2 2.57514 3.36006 3.36006 3.36006 3.36006 3.65841 4.51227 4.54347 4.54347 4.54347 4.54347 5.12693 5.12693 6.51179 6.78534 6.78534 8.51227 9.29526 
1.4 -9.54505 -8.67412 -6.97612 -6.97612 -6.61895 -5.298 -5.298 -4.67412 -4.64107 -4.64107 -4.64107 -4.64107 -3.67812 -3.44093 -3.44093 -3.44093 -3.44093 -2.66318 -2 -2 -2 -2 -1.46305 -1.46305 -1.46305 -1.46305 -1.37612 -1.37612 -0.321877 -0.302001 -0.302001 -0.262915 0.262915 0.302001 0.302001 0.321877 1.37612 1.37612 1.46305 1.46305 1.46305 1.46305 2 2 2 2 2.66318 3.44093 3.44093 3.44093 3.44093 3.67812 4.64107 4.64107 4.64107 4.64107 4.67412 5.298 5.298 6.61895 6.97612 6.97612 8.67412 9.54505 
1.45 -9.79911 -8.83831 -7.16732 -7.16732 -6.72398 -5.47099 -5.47099 -4.83831 -4.73877 -4.73877 -4.73877 -4.73877 -3.69633 -3.52278 -3.52278 -3.52278 -3.52278 -2.75355 -2 -2 -2 -2 -1.53756 -1.53756 -1.53756 -1.53756 -1.36732 -1.36732 -0.329008 -0.329008 -0.321583 -0.303674 0.303674 0.321583 0.329008 0.329008 1.36732 1.36732 1.53756 1.53756 1.53756 1.53756 2 2 2 2 2.75355 3.52278 3.52278 3.52278 3.52278 3.69633 4.73877 4.73877 4.73877 4.73877 4.83831 5.47099 5.47099 6.72398 7.16732 7.16732 8.83831 9.79911 
1.5 -10.0569 -9.00465 -7.3589 -7.3589 -6.82727 -5.64575 -5.64575 -5.00465 -4.83656 -4.83656 -4.83656 -4.83656 -3.71315 -3.60555 -3.60555 -3.60555 -3.60555 -2.84584 -2 -2 -2 -2 -1.61484 -1.61484 -1.61484 -1.61484 -1.3589 -1.3589 -0.383828 -0.354249 -0.354249 -0.286852 0.286852 0.354249 0.354249 0.383828 1.3589 1.3589 1.61484 1.61484 1.61484 1.61484 2 2 2 2 2.84584 3.60555 3.60555 3.60555 3.60555 3.71315 4.83656 4.83656 4.83656 4.83656 5.00465 5.64575 5.64575 6.82727 7.3589 7.3589 9.00465 10.0569 
