0.05 -6.16814 -4.0477 -3.85021 -3.58331 -3.5664 -3.55114 -3.51879 -3.24682 -2.64615 -2.49666 -2.46193 -2.44737 -2.41343 -2.19483 -2.18014 -2.17356 -1.96809 -1.70183 -1.69265 -1.39827 -1.12631 -1.10969 -1.0974 -0.913264 -0.901205 -0.641287 -0.629235 -0.614598 -0.319383 -0.292961 -0.0518193 0.0032705 0.165114 0.187695 0.203527 0.275239 0.432648 0.480059 0.637132 0.752038 0.903369 0.9124 0.960528 1.02925 1.0823 1.10858 1.23251 1.25302 1.34987 1.51378 1.58039 1.99063 2.06077 2.43094 2.63999 2.65227 3.13509 3.56555 3.83753 4.66579 4.77891 5.26344 5.74031 6.1806 
0.1 -5.71882 -4.32671 -4.17034 -3.78004 -3.39251 -3.32922 -3.15771 -3.0744 -2.96005 -2.7825 -2.6837 -2.62743 -2.38512 -2.25418 -2.07651 -1.86411 -1.84399 -1.62994 -1.43478 -1.39195 -1.31853 -1.26176 -0.831364 -0.816598 -0.747424 -0.704918 -0.631064 -0.57361 -0.437238 -0.379201 -0.357393 -0.164834 -0.0394233 0.074501 0.196157 0.250469 0.306329 0.30772 0.361528 0.649456 0.78091 0.975652 1.02675 1.15524 1.31908 1.35941 1.52911 1.69593 1.7008 1.77279 1.98829 2.04145 2.38796 2.46148 2.54186 2.80415 2.85452 2.99516 3.03932 4.04608 4.48406 4.71495 5.82316 7.50308 
0.15 -6.09178 -4.02121 -3.99207 -3.7238 -3.46707 -3.37685 -3.26189 -3.06055 -2.82828 -2.80131 -2.641 -2.60998 -2.60716 -2.37079 -2.15965 -2.06443 -1.97317 -1.71179 -1.61964 -1.42009 -1.35566 -1.13995 -0.955518 -0.896602 -0.69013 -0.664235 -0.537431 -0.489711 -0.416801 -0.346366 -0.0972404 -0.04276 0.103599 0.153131 0.329553 0.421061 0.560424 0.626539 0.630163 0.77613 0.823354 1.06579 1.23863 1.31961 1.33408 1.45588 1.57477 1.70725 1.83244 2.04511 2.25014 2.48955 2.55977 2.71929 2.76784 2.76844 3.01892 3.25179 3.35483 3.4567 3.58295 3.84124 4.72911 6.64682 
0.2 -5.46976 -4.73558 -4.35529 -4.06147 -3.87947 -3.3589 -3.11552 -3.04045 -2.93914 -2.73361 -2.68074 -2.48908 -2.30147 -2.26041 -1.97426 -1.898 -1.81108 -1.73851 -1.57705 -1.39401 -1.20639 -1.15603 -1.10136 -0.936279 -0.851525 -0.718264 -0.652667 -0.479246 -0.401259 -0.300878 -0.241743 -0.209237 -0.00533482 0.262681 0.289379 0.427268 0.445235 0.51467 0.566689 0.590941 0.736069 0.762653 0.880522 0.991614 1.11928 1.20775 1.34788 1.4703 1.58349 1.66641 1.97293 2.05155 2.08864 2.31185 2.47719 2.67924 3.19281 3.98464 4.01747 4.75814 4.98191 5.36924 5.44684 5.87873 
0.25 -5.46827 -5.30265 -4.8212 -4.65057 -3.91743 -3.89179 -3.74468 -3.60675 -3.42173 -3.20383 -3.09884 -2.67663 -2.59892 -2.36675 -2.33346 -2.22105 -2.20728 -1.94843 -1.80848 -1.76453 -1.6523 -1.54005 -1.12598 -0.954919 -0.914751 -0.821487 -0.547189 -0.354331 -0.321996 -0.319361 -0.247632 -0.0875004 0.155741 0.190444 0.22982 0.732467 0.810466 0.887401 1.05176 1.12156 1.14586 1.17986 1.32009 1.57014 1.67588 1.85961 1.89167 2.17911 2.26667 2.26765 2.36072 2.44808 2.46461 2.7012 3.00333 3.6634 3.72235 3.76959 3.83496 3.92366 4.03356 4.4513 4.66514 6.36266 
0.3 -5.77375 -4.66896 -4.62722 -4.25727 -3.88608 -3.67303 -3.24828 -3.05094 -2.56953 -2.33262 -2.02596 -1.99684 -1.87598 -1.87205 -1.63217 -1.60716 -1.43637 -1.41903 -1.28844 -1.27068 -1.14579 -1.09327 -0.98467 -0.981937 -0.795173 -0.746414 -0.718404 -0.701655 -0.672645 -0.460234 -0.454982 -0.269253 -0.249543 -0.228941 -0.169183 -0.0767278 0.0616 0.139451 0.284294 0.472234 0.648587 0.98569 1.07544 1.39114 1.54346 1.83454 1.91367 2.03351 2.26923 2.30691 2.38586 2.53192 2.58541 2.63099 2.90533 3.01037 3.03267 3.23554 3.24388 3.61889 3.67825 3.86336 4.00411 6.57486 
0.35 -5.95373 -5.67025 -5.08676 -4.78956 -4.63354 -3.77606 -3.43396 -3.15181 -3.04163 -2.74137 -2.53418 -2.44572 -2.40342 -2.12558 -1.82293 -1.81477 -1.62874 -1.43894 -1.38141 -1.31394 -1.20717 -1.09775 -0.992155 -0.866431 -0.665687 -0.604139 -0.437057 -0.375901 -0.362949 -0.264695 -0.114872 -0.0821292 0.10619 0.141153 0.365777 0.377374 0.426331 0.634627 0.731612 0.737304 0.860699 1.13925 1.33827 1.36784 1.45505 1.46408 2.08738 2.10936 2.20962 2.22883 2.24131 2.47486 2.50312 2.76091 2.85595 2.96118 3.27634 3.33115 3.5098 3.52937 4.19834 4.23663 4.39433 6.2052 
0.4 -7.3761 -4.44182 -4.14118 -3.94211 -3.83369 -3.68992 -3.58289 -3.47544 -3.35313 -3.2328 -3.17032 -3.12114 -2.99134 -2.87908 -2.7622 -2.71569 -2.61815 -2.47966 -2.29073 -2.0525 -1.99509 -1.73279 -0.473013 -0.365617 -0.187544 0.00313226 0.0349891 0.210815 0.23908 0.3757 0.460035 0.493967 0.561198 0.641223 0.728961 0.765995 0.853892 0.913421 0.986207 1.05021 1.09624 1.14775 1.27543 1.30505 1.38092 1.41531 1.52324 1.60383 1.63578 1.78269 1.82906 1.96696 2.1049 2.21729 2.29126 2.54598 3.01161 3.86964 4.22248 4.56022 4.94279 5.18644 5.50153 6.16871 
0.45 -6.28444 -5.12286 -4.78016 -4.28312 -4.15343 -3.9281 -3.65125 -3.49341 -3.4062 -3.32729 -3.28529 -3.08181 -2.79833 -2.58931 -2.5545 -2.45513 -2.26439 -2.07933 -1.99685 -1.8389 -1.77953 -1.42603 -1.03561 -0.9177 -0.807013 -0.651578 -0.513253 -0.165868 -0.134878 -0.0283335 0.133147 0.274078 0.347925 0.411113 0.459152 0.495068 0.657967 0.699164 0.831903 0.877604 1.09058 1.15875 1.22811 1.30661 1.35979 1.4857 1.61329 1.69597 1.80324 1.86066 2.02736 2.09605 2.23259 2.6449 2.70382 2.94169 3.24626 3.59528 4.32915 4.81017 5.40945 5.62041 6.40758 6.97936 
0.5 -6.34713 -5.48729 -4.9523 -4.75086 -4.64962 -3.79499 -3.66442 -3.58035 -3.31309 -3.06153 -3.04217 -2.76492 -2.58167 -2.43762 -2.27688 -2.05636 -1.89621 -1.87687 -1.70821 -1.67805 -1.4524 -1.30968 -1.12226 -1.07648 -1.01422 -0.909998 -0.743031 -0.580219 -0.477158 -0.280149 -0.167188 -0.072043 0.14538 0.220623 0.326108 0.516239 0.673576 0.741234 0.796796 0.94847 1.09029 1.29228 1.34731 1.41296 1.54342 1.71208 2.01975 2.14765 2.20939 2.32034 2.45897 2.77798 2.89457 3.10409 3.18767 3.23891 3.62432 3.66859 3.9919 4.08098 4.55264 4.63338 5.1416 6.30586 
0.55 -6.1915 -5.26696 -5.07421 -4.26423 -4.04263 -3.73679 -3.613 -3.1959 -3.11701 -2.94446 -2.73013 -2.6083 -2.58634 -2.45101 -2.31857 -1.86858 -1.81763 -1.73383 -1.6099 -1.5745 -1.47948 -1.13065 -1.0311 -0.916601 -0.817808 -0.720646 -0.641582 -0.554221 -0.444103 -0.427495 -0.23532 -0.0628946 0.101402 0.141417 0.263005 0.421761 0.445489 0.47243 0.762376 0.798497 0.844328 0.946924 1.29403 1.42771 1.57916 1.67015 1.76924 1.81665 1.87616 2.11074 2.2013 2.25964 2.51559 2.89368 2.9205 3.12992 3.20327 3.72243 3.85977 4.40003 4.56978 4.8671 5.15683 6.76605 
0.6 -6.9909 -5.58456 -5.04847 -4.90004 -4.45572 -4.28224 -4.16597 -4.15307 -3.6154 -3.26352 -3.06646 -3.03065 -2.81133 -2.45822 -2.40766 -2.3432 -2.29704 -2.16842 -2.03921 -1.91662 -1.7658 -1.62587 -1.52648 -1.34522 -1.17364 -1.0884 -0.816178 -0.671826 -0.449747 -0.272939 -0.2428 -0.152261 0.0843817 0.131096 0.19401 0.254649 0.453387 0.514094 0.766023 0.858703 1.10508 1.17765 1.37449 1.5999 1.75648 1.92132 2.2463 2.45739 2.50394 2.56237 2.70248 2.79913 3.06473 3.2714 3.41945 3.58882 4.21679 4.36872 4.65954 4.6875 5.13195 5.29425 6.27865 6.68522 
0.65 -7.85716 -5.78921 -5.34272 -4.9042 -4.81695 -4.35774 -3.84484 -3.78463 -3.48962 -3.33877 -3.14208 -3.06488 -2.6173 -2.43956 -2.31349 -2.24766 -2.19072 -1.93353 -1.8022 -1.7374 -1.552 -1.45638 -1.32464 -1.16086 -1.13579 -0.961101 -0.744399 -0.510999 -0.415573 -0.340177 -0.16628 -0.0639228 0.0869609 0.146181 0.225111 0.266023 0.487066 0.771124 0.820753 0.90229 1.08223 1.19976 1.42646 1.57955 1.66413 1.75499 1.93969 2.18233 2.27936 2.44735 2.53632 2.68447 2.88643 3.23673 3.30108 3.85757 3.88423 4.06572 4.31415 4.60319 4.81919 5.53655 6.23291 7.6269 
0.7 -6.56262 -5.61385 -5.08758 -4.5229 -4.36152 -4.01863 -3.82037 -3.48993 -3.19954 -3.12353 -2.96035 -2.82036 -2.61813 -2.51935 -2.40584 -2.16055 -2.00069 -1.90286 -1.70507 -1.51129 -1.40355 -1.27244 -1.11357 -1.00259 -0.84917 -0.718902 -0.599753 -0.571822 -0.461575 -0.344324 -0.225411 -0.0146734 0.0379189 0.141458 0.199137 0.423253 0.449455 0.61952 0.757157 0.893704 0.90958 1.26116 1.34875 1.46989 1.59051 1.69002 1.86151 1.98669 2.20802 2.28858 2.46734 2.58977 2.90523 3.0416 3.13395 3.3245 3.48708 3.61173 3.96764 4.27136 4.70563 5.17864 5.54147 6.62047 
0.75 -7.09946 -6.07856 -5.49109 -4.90123 -4.58148 -4.32762 -4.10392 -3.88299 -3.80332 -3.53371 -3.35116 -3.25115 -3.06049 -2.86608 -2.6014 -2.47267 -2.30317 -2.17543 -2.01463 -1.67467 -1.64484 -1.51167 -1.25574 -1.16008 -1.01298 -0.848784 -0.71747 -0.552091 -0.519724 -0.28158 -0.169338 -0.0647026 0.09946 0.238307 0.447656 0.473641 0.55614 0.636463 0.9322 1.00092 1.03176 1.35125 1.41144 1.51471 1.57283 1.74785 1.96418 2.11169 2.47359 2.52731 2.56846 2.73995 2.96275 3.15595 3.26615 3.51987 3.77848 3.922 4.53653 4.86453 5.25584 5.79803 6.90521 7.94808 
0.8 -7.33914 -6.39424 -5.42107 -5.10018 -4.79278 -4.40178 -4.25329 -4.0049 -3.87909 -3.51697 -3.41136 -3.26727 -3.13949 -2.73447 -2.6355 -2.61963 -2.26831 -2.10172 -1.78221 -1.7621 -1.61297 -1.32302 -1.28749 -1.11141 -0.987191 -0.773829 -0.698289 -0.50822 -0.469718 -0.315497 -0.109977 0.0137179 0.157326 0.22972 0.370854 0.669048 0.773965 0.843381 1.05882 1.14303 1.32619 1.3708 1.44683 1.52779 1.71171 1.89236 2.00105 2.24675 2.46094 2.61323 2.77435 2.90618 3.14704 3.41942 3.52999 3.67731 3.77718 4.02135 4.35632 4.84301 5.17822 5.45116 5.98672 7.09732 
0.85 -8.69215 -7.41875 -6.32108 -5.9802 -5.73226 -5.15355 -4.4388 -4.38182 -4.10037 -3.6396 -3.31907 -3.12942 -3.08962 -2.90224 -2.73796 -2.5299 -2.36745 -2.06935 -1.8985 -1.86202 -1.63729 -1.49456 -1.39405 -1.17275 -0.850778 -0.748377 -0.64553 -0.524618 -0.328568 -0.267044 -0.217648 -0.0503488 0.026042 0.252429 0.356947 0.600814 0.810577 0.895452 1.08982 1.26373 1.39595 1.60279 1.68387 1.93726 2.09394 2.22013 2.26519 2.54897 2.63764 2.73327 3.08084 3.30243 3.44123 3.57382 3.78481 3.84598 4.27017 4.49762 4.71968 5.08672 5.30935 5.97334 6.59392 7.20093 
0.9 -7.44224 -6.84894 -6.07469 -5.57747 -5.18221 -4.63946 -4.44777 -4.28456 -4.16514 -3.61425 -3.52417 -3.23885 -3.06876 -2.91372 -2.78175 -2.5179 -2.25895 -2.17003 -2.00086 -1.74187 -1.65226 -1.49591 -1.27869 -1.08619 -0.998738 -0.932327 -0.83113 -0.619712 -0.422181 -0.159617 -0.0745899 0.021447 0.160234 0.276691 0.432679 0.511948 0.635374 0.826817 0.99588 1.08351 1.32871 1.41802 1.57597 1.72516 1.84009 2.11189 2.27171 2.46492 2.54982 2.60847 2.88208 3.04653 3.27547 3.50151 3.65874 3.86844 4.0893 4.31043 4.4744 4.95061 5.44904 5.83468 6.47342 7.39097 
0.95 -7.93389 -6.98967 -5.96003 -5.59778 -5.27787 -4.73834 -4.57132 -4.35221 -4.2404 -3.83144 -3.46921 -3.28769 -2.99806 -2.80541 -2.6523 -2.49301 -2.26792 -2.13093 -2.0355 -1.80545 -1.6493 -1.55522 -1.35372 -1.19302 -1.02032 -0.877586 -0.812452 -0.590186 -0.515459 -0.38036 -0.212633 0.0153037 0.242144 0.282518 0.381901 0.574594 0.725988 0.80315 0.97112 1.17804 1.33566 1.40836 1.59731 1.7813 1.9841 2.05796 2.28066 2.37901 2.45631 2.6502 2.91472 3.09873 3.26271 3.60551 3.69143 3.88314 4.22223 4.43162 4.7313 5.14844 5.39112 5.87833 6.73312 7.50066 
1 -7.64043 -6.77043 -6.01417 -5.56146 -5.23942 -4.60086 -4.53265 -4.05268 -3.92779 -3.86666 -3.51201 -3.45779 -3.16074 -3.08535 -2.83794 -2.69479 -2.57329 -2.47244 -2.06418 -1.89865 -1.7072 -1.61394 -1.44268 -1.28822 -1.11784 -0.993794 -0.936841 -0.729423 -0.518624 -0.416397 -0.22806 -0.0774296 -0.0118952 0.14723 0.270937 0.48341 0.507837 0.698892 0.818332 1.02146 1.07273 1.19147 1.46864 1.62281 1.85856 2.02725 2.24274 2.28914 2.53194 2.77756 2.94569 3.11777 3.17724 3.53173 3.78229 4.00271 4.25045 4.71009 4.96467 5.37095 6.03416 6.14068 7.23052 8.85618 
1.05 -9.38283 -7.32869 -6.33559 -6.00695 -5.49393 -5.23556 -4.90116 -4.50746 -4.45407 -4.06408 -3.75769 -3.57072 -3.1434 -2.94891 -2.7467 -2.66777 -2.52736 -2.12534 -2.03147 -1.8865 -1.68057 -1.58801 -1.50563 -1.29012 -1.09057 -0.927147 -0.889311 -0.599451 -0.52768 -0.32876 -0.0592521 0.0953765 0.226976 0.240616 0.49222 0.688996 0.744335 0.926918 1.05079 1.22499 1.4137 1.52508 1.63492 1.82457 2.15853 2.2862 2.34215 2.57668 2.79489 2.84355 3.08576 3.25188 3.30799 3.85785 4.06217 4.1673 4.41406 4.78233 5.03787 5.24012 5.9028 6.44289 6.92979 8.0284 
1.1 -8.11905 -7.32363 -6.48178 -5.93963 -5.39564 -4.96575 -4.81152 -4.49171 -4.20381 -4.10679 -4.03485 -3.45658 -3.32317 -3.14886 -2.85786 -2.69949 -2.55665 -2.44712 -2.14543 -2.09805 -1.92862 -1.52512 -1.47792 -1.39491 -1.11212 -0.995875 -0.895153 -0.78574 -0.591771 -0.444976 -0.274557 -0.18387 0.0953505 0.249608 0.405983 0.604962 0.722561 0.92483 1.02485 1.12055 1.38311 1.47386 1.67742 1.76507 1.95721 2.10825 2.38345 2.46828 2.67123 2.85257 3.12259 3.19809 3.54078 3.90153 4.10447 4.42877 4.56947 4.8179 5.00028 5.58128 5.9439 6.43532 7.24285 8.44166 
1.15 -8.57551 -7.48181 -6.89471 -6.21025 -5.82338 -5.36729 -5.19043 -4.81389 -4.63196 -4.25417 -4.03904 -3.82008 -3.55429 -3.33885 -2.99142 -2.9487 -2.78084 -2.63358 -2.3214 -2.14501 -2.0223 -1.73654 -1.64605 -1.43682 -1.23728 -1.08 -1.0305 -0.904517 -0.544437 -0.440415 -0.243039 -0.121866 0.089765 0.296824 0.380734 0.528255 0.728884 0.874337 1.08291 1.27817 1.35955 1.57315 1.61216 2.00831 2.26809 2.4137 2.62282 2.7278 2.87771 3.19704 3.29728 3.42722 3.79088 4.19005 4.40224 4.56949 4.9541 5.05988 5.361 5.60334 6.40251 6.82694 7.6344 8.82084 
1.2 -9.1516 -7.59795 -6.75809 -6.11533 -5.56193 -5.37287 -4.99471 -4.75836 -4.49989 -4.1318 -3.91045 -3.6438 -3.38647 -3.28518 -3.00027 -2.78518 -2.51182 -2.41931 -2.29895 -1.93808 -1.82991 -1.61465 -1.57542 -1.32143 -1.13289 -1.09785 -0.788857 -0.615028 -0.598665 -0.486446 -0.132013 -0.0835237 0.0990229 0.293816 0.389218 0.524575 0.677355 0.912527 1.02563 1.31931 1.42083 1.52979 1.6555 1.78964 2.04673 2.31008 2.47189 2.54404 2.84224 3.107 3.33589 3.37868 3.70633 4.03378 4.20706 4.33318 4.62771 4.97635 5.23564 5.75543 5.90121 6.73547 7.53505 8.67776 
1.25 -8.6307 -7.65328 -6.86722 -6.08025 -5.76463 -5.24811 -4.93962 -4.68345 -4.28971 -4.20275 -4.17962 -3.59552 -3.39843 -3.26783 -3.15729 -2.81423 -2.53848 -2.51133 -2.42689 -1.96166 -1.90976 -1.60788 -1.47559 -1.45064 -1.20912 -1.05873 -0.777298 -0.702224 -0.61796 -0.313064 -0.236088 -0.15965 0.122475 0.186 0.31345 0.557782 0.753769 0.898815 0.962402 1.22192 1.41432 1.528 1.62964 1.81355 1.98637 2.32318 2.49161 2.62897 2.86369 3.09477 3.26963 3.5241 3.66517 4.10954 4.20335 4.37597 4.60784 5.01632 5.2085 5.85229 5.95854 6.84061 7.63556 8.67089 
1.3 -9.2636 -8.14081 -7.17812 -6.47473 -6.01215 -5.66485 -5.18671 -5.12167 -4.84375 -4.49463 -4.21171 -3.89263 -3.65063 -3.49389 -3.05917 -2.93958 -2.78677 -2.62971 -2.33743 -2.20765 -2.00758 -1.77751 -1.6015 -1.43163 -1.31137 -1.18759 -0.92578 -0.828503 -0.628479 -0.493727 -0.2635 -0.165947 0.127734 0.223081 0.528913 0.653197 0.795976 0.907481 1.26716 1.38782 1.44576 1.61926 1.75686 1.99712 2.11604 2.37291 2.63702 2.84518 3.0241 3.13756 3.50676 3.5783 3.91896 4.24021 4.49387 4.7507 5.06822 5.23354 5.78605 5.95601 6.49711 7.19945 8.0056 9.13536 
1.35 -9.66569 -8.24578 -7.53311 -6.97745 -6.28578 -5.80637 -5.65083 -5.26719 -5.01154 -4.73938 -4.45133 -3.90848 -3.85064 -3.50531 -3.38647 -3.24635 -2.85379 -2.74071 -2.58619 -2.40919 -2.20319 -1.87818 -1.76099 -1.43194 -1.33617 -1.25088 -0.948756 -0.790181 -0.620872 -0.572048 -0.204168 -0.0943369 0.00825936 0.220671 0.477101 0.777179 0.871438 0.904412 1.13845 1.25813 1.36619 1.74546 1.84547 2.10268 2.43586 2.48458 2.55929 2.91587 3.17003 3.46407 3.53675 3.76575 3.8717 4.26308 4.48133 4.93254 5.30923 5.66941 5.81395 6.5497 7.06163 7.55125 8.15466 10.5071 
1.4 -10.0708 -8.46517 -7.54465 -6.97394 -6.3212 -5.96637 -5.65841 -5.54278 -5.11694 -4.65377 -4.5356 -4.05449 -3.90391 -3.70052 -3.43718 -3.27371 -2.93206 -2.67862 -2.61379 -2.35773 -2.0857 -1.8646 -1.71873 -1.46636 -1.31087 -1.21071 -1.0074 -0.857065 -0.68156 -0.403093 -0.269973 -0.108597 0.170879 0.265755 0.378266 0.725104 0.946336 1.17779 1.21546 1.33002 1.60272 1.79296 1.87206 2.13047 2.32738 2.62944 2.86493 2.98754 3.26331 3.35137 3.71802 3.80798 4.11956 4.47103 4.69039 5.07041 5.35867 5.71593 5.9538 6.35222 6.86545 7.62734 8.33439 9.66929 
1.45 -10.0678 -8.42609 -7.65841 -6.97753 -6.26371 -6.13237 -5.83251 -5.26023 -5.21545 -4.68325 -4.52862 -4.08989 -3.87765 -3.71566 -3.34001 -3.26561 -3.15113 -2.8183 -2.54044 -2.3748 -2.19805 -1.92176 -1.72988 -1.55897 -1.46519 -1.31661 -0.985042 -0.792847 -0.689399 -0.511636 -0.267761 -0.147228 0.0796896 0.179997 0.495243 0.712743 0.881726 0.997856 1.08749 1.2345 1.51538 1.63034 1.98997 2.0942 2.3335 2.61436 2.67918 3.04549 3.20919 3.51088 3.67555 3.84715 3.94874 4.46632 4.63407 5.1641 5.45964 5.80267 5.95771 6.54035 7.24029 7.8343 8.214 10.7273 
1.5 -10.7423 -8.70783 -8.05403 -7.45292 -6.77642 -6.29091 -6.07378 -5.60858 -5.11818 -4.9752 -4.51131 -4.04591 -4.01478 -3.70249 -3.54459 -3.42384 -3.18026 -2.83656 -2.63372 -2.47767 -2.12274 -2.07886 -1.71888 -1.50526 -1.34343 -1.23835 -0.940366 -0.831976 -0.71883 -0.41179 -0.266196 -0.0945422 0.111156 0.231779 0.51537 0.773748 0.878244 0.980345 1.27642 1.43465 1.49389 1.85719 2.03171 2.18313 2.55422 2.68374 2.77999 3.29254 3.34124 3.61369 3.73437 3.95929 4.12477 4.50772 4.90173 5.22737 5.5031 6.11634 6.28257 6.65338 7.34199 8.04406 8.55082 10.462 
