0.299348 -0.95366 5.43132 0.20878 -1
0.304732 -0.951889 5.29276 0.21953 -0.95
0.310346 -0.950001 5.15098 0.23117 -0.9
0.316207 -0.947981 5.00571 0.24379 -0.85
0.322338 -0.945815 4.85648 0.25758 -0.8
0.32876 -0.943484 4.70285 0.27274 -0.75
0.335503 -0.940969 4.54416 0.28956 -0.7
0.342598 -0.938241 4.37976 0.30847 -0.65
0.350082 -0.935271 4.20829 0.33015 -0.6
0.358005 -0.932022 4.02843 0.35569 -0.55
0.366418 -0.928443 3.83772 0.38698 -0.5
0.375391 -0.924474 3.63194 0.4276 -0.45
0.385011 -0.920032 3.40358 0.48443 -0.4
0.395387 -0.914999 3.13891 0.57047 -0.35
0.406677 -0.909215 2.81837 0.7045 -0.3
0.419096 -0.902416 2.43101 0.81875 -0.25
0.43299 -0.894143 1.98928 0.97067 -0.2
0.448982 -0.883387 1.51502 1.17887 -0.15
0.468535 -0.866952 1.0248 1.41368 -0.1
0.497302 -0.823825 0.53353 1.65649 -0.05
0.566314 5.55112e-17 0.16362 1.84099 3.19189e-16
0.497302 0.823825 0.53353 1.65649 0.05
0.468535 0.866952 1.0248 1.41368 0.1
0.448982 0.883387 1.51502 1.17887 0.15
0.43299 0.894143 1.98928 0.97067 0.2
0.419096 0.902416 2.43101 0.81875 0.25
0.406677 0.909215 2.81837 0.7045 0.3
0.395387 0.914999 3.13891 0.57047 0.35
0.385011 0.920032 3.40358 0.48443 0.4
0.375391 0.924474 3.63194 0.4276 0.45
0.366418 0.928443 3.83772 0.38698 0.5
0.358005 0.932022 4.02843 0.35569 0.55
0.350082 0.935271 4.20829 0.33015 0.6
0.342598 0.938241 4.37976 0.30847 0.65
0.335503 0.940969 4.54416 0.28956 0.7
0.32876 0.943484 4.70285 0.27274 0.75
0.322338 0.945815 4.85648 0.25758 0.8
0.316207 0.947981 5.00571 0.24379 0.85
0.310346 0.950001 5.15098 0.23117 0.9
0.304732 0.951889 5.29276 0.21953 0.95
0.299348 0.95366 5.43132 0.20878 1
