-1.93313e-11 -0.965243
-1.83648e-11 -0.96515
-1.73982e-11 -0.965049
-1.64316e-11 -0.964939
-1.54651e-11 -0.964815
-1.44985e-11 -0.964676
-1.35319e-11 -0.964517
-1.25654e-11 -0.96433
-1.15988e-11 -0.964108
-1.06322e-11 -0.963835
-9.66566e-12 -0.963492
-8.6991e-12 -0.963045
-7.73253e-12 -0.96244
-6.76596e-12 -0.961581
-5.7994e-12 -0.960289
-4.83283e-12 -0.958187
-3.86626e-12 -0.954394
-2.8997e-12 -0.946402
-1.93313e-12 -0.924708
-9.66566e-13 -0.828965
1.00604e-26 -1.11033e-12
9.66566e-13 0.828965
1.93313e-12 0.924708
2.8997e-12 0.946402
3.86626e-12 0.954394
4.83283e-12 0.958187
5.7994e-12 0.960289
6.76596e-12 0.961581
7.73253e-12 0.96244
8.6991e-12 0.963045
9.66566e-12 0.963492
1.06322e-11 0.963835
1.15988e-11 0.964108
1.25654e-11 0.96433
1.35319e-11 0.964517
1.44985e-11 0.964676
1.54651e-11 0.964815
1.64316e-11 0.964939
1.73982e-11 0.965049
1.83648e-11 0.96515
1.93313e-11 0.965243
