0.0250095 0.999686 0 3.84 0.05 2.44128
0.05009 0.998744 0 3.6839 0.1 2.44088
0.0753495 0.997149 5e-05 3.53224 0.15 2.44027
0.100936 0.994866 0.00017 3.3856 0.2 2.43951
0.127032 0.991827 0.00053 3.24467 0.25 2.4387
0.153851 0.987945 0.00128 3.11022 0.3 2.43799
0.181628 0.983094 0.00274 2.98312 0.35 2.43758
0.210604 0.977117 0.00525 2.86436 0.4 2.43774
0.24101 0.969828 0.00929 2.75502 0.45 2.43876
0.273038 0.961019 0.0154 2.65626 0.5 2.44102
0.306815 0.950482 0.0242 2.5693 0.55 2.4449
0.342361 0.938031 0.03634 2.49537 0.6 2.45076
0.379559 0.923532 0.05251 2.43567 0.65 2.45896
0.418135 0.90694 0.07331 2.39123 0.7 2.46971
0.457645 0.888332 0.09933 2.36296 0.75 2.48308
0.497502 0.867913 0.13098 2.35141 0.8 2.49897
0.537043 0.846035 0.16854 2.35685 0.85 2.517
0.575572 0.82313 0.2121 2.37914 0.9 2.53666
0.612466 0.799703 0.26159 2.41783 0.95 2.55724
0.647215 0.776247 0.31677 2.47214 1 2.57802
0.679457 0.753208 0.37729 2.54106 1.05 2.59831
0.709009 0.73096 0.44273 2.62347 1.1 2.61746
0.735811 0.709765 0.5126 2.71812 1.15 2.63505
0.759936 0.689805 0.58642 2.79285 1.2 2.65073
0.781527 0.671172 0.66373 2.83952 1.25 2.66435
0.800778 0.653891 0.74406 2.8911 1.3 2.67588
0.817905 0.637939 0.82704 2.94707 1.35 2.68538
0.833132 0.623261 0.91227 3.00692 1.4 2.69298
0.846672 0.609781 0.99946 3.07022 1.45 2.69885
0.858732 0.597415 1.08834 3.13659 1.5 2.70315
