-1 -10.6745 -5.2456 -4.95487 -4.95487 -4.48989 -4.48989 -2.48594 -2.22803 -2.22803 -2.15359 -2.15359 -1.24261 -0.475819 -0.475819 -0.122248 -0.122248 0.38486 1.42443 1.42443 1.80404 1.80404 1.82594 2.24087 2.24087 3.0789 3.0789 3.11962 4.42221 4.42221 5.45399 5.45399 6.31825 
-0.95 -10.4363 -5.14689 -4.84046 -4.84046 -4.35183 -4.35183 -2.51763 -2.19147 -2.19147 -2.10857 -2.10857 -1.32962 -0.515851 -0.515851 -0.1407 -0.1407 0.322533 1.33649 1.33649 1.77201 1.77201 1.82177 2.23005 2.23005 3.02333 3.03018 3.03018 4.37043 4.37043 5.40972 5.40972 6.26283 
-0.9 -10.1986 -5.05217 -4.72847 -4.72847 -4.21448 -4.21448 -2.56951 -2.15644 -2.15644 -2.06414 -2.06414 -1.40408 -0.557163 -0.557163 -0.157851 -0.157851 0.266998 1.24259 1.24259 1.73191 1.73191 1.81504 2.22581 2.22581 2.93189 2.99107 2.99107 4.31978 4.31978 5.36738 5.36738 6.21041 
-0.85 -9.96133 -4.96199 -4.61912 -4.61912 -4.07791 -4.07791 -2.64337 -2.12312 -2.12312 -2.0204 -2.0204 -1.46305 -0.599717 -0.599717 -0.173401 -0.173401 0.217727 1.14463 1.14463 1.6839 1.6839 1.80499 2.22639 2.22639 2.84608 2.9615 2.9615 4.27024 4.27024 5.32701 5.32701 6.16093 
-0.8 -9.7246 -4.87707 -4.51267 -4.51267 -3.9422 -3.9422 -2.73881 -2.09171 -2.09171 -1.97751 -1.97751 -1.50573 -0.643471 -0.643471 -0.187048 -0.187048 0.174234 1.04415 1.04415 1.62862 1.62862 1.79085 2.23041 2.23041 2.76675 2.941 2.941 4.22181 4.22181 5.28862 5.28862 6.11438 
-0.75 -9.48844 -4.79837 -4.40938 -4.40938 -3.80744 -3.80744 -2.85318 -2.06238 -2.06238 -1.93568 -1.93568 -1.53344 -0.688373 -0.688373 -0.198485 -0.198485 0.136097 0.942395 0.942395 1.567 1.567 1.77192 2.23685 2.23685 2.69471 2.92875 2.92875 4.1745 4.1745 5.25225 5.25225 6.0707 
-0.7 -9.25288 -4.72722 -4.30956 -4.30956 -3.67375 -3.67375 -2.98227 -2.03532 -2.03532 -1.89515 -1.89515 -1.5488 -0.734348 -0.734348 -0.207418 -0.207418 0.102961 0.84041 0.84041 1.50021 1.50021 1.74764 2.24491 2.24491 2.63068 2.92375 2.92375 4.12834 4.12834 5.21793 5.21793 6.02989 
-0.65 -9.01797 -4.66557 -4.21353 -4.21353 -3.54125 -3.54125 -3.12101 -2.0107 -2.0107 -1.85629 -1.85629 -1.55478 -0.781277 -0.781277 -0.213576 -0.213576 0.0745266 0.739105 0.739105 1.42951 1.42951 1.71777 2.25402 2.25402 2.57512 2.9249 2.9249 4.0834 4.0834 5.1857 5.1857 5.99191 
-0.6 -8.78378 -4.61632 -4.12165 -4.12165 -3.4101 -3.4101 -3.26373 -1.98866 -1.98866 -1.81955 -1.81955 -1.55406 -0.82897 -0.82897 -0.216724 -0.216724 0.0505374 0.639327 0.639327 1.35615 1.35615 1.68247 2.26369 2.26369 2.52813 2.93114 2.93114 4.03975 4.03975 5.1556 5.1556 5.95676 
-0.55 -8.55037 -4.58393 -4.03432 -4.03432 -3.40378 -3.28046 -3.28046 -1.9693 -1.9693 -1.78559 -1.78559 -1.54887 -0.87712 -0.87712 -0.216688 -0.216688 0.030754 0.541899 0.541899 1.28133 1.28133 1.64239 2.27359 2.27359 2.48938 2.94146 2.94146 3.99752 3.99752 5.12768 5.12768 5.92442 
-0.5 -8.31781 -4.57494 -3.95198 -3.95198 -3.53293 -3.15254 -3.15254 -1.95267 -1.95267 -1.75525 -1.75525 -1.5409 -0.925239 -0.925239 -0.213378 -0.213378 0.0149325 0.44766 0.44766 1.20623 1.20623 1.5986 2.2834 2.2834 2.45816 2.95494 2.95494 3.95687 3.95687 5.10198 5.10198 5.89489 
-0.45 -8.0862 -4.59772 -3.87509 -3.87509 -3.64162 -3.02661 -3.02661 -1.93876 -1.93876 -1.72974 -1.72974 -1.53145 -0.972575 -0.972575 -0.206816 -0.206816 0.00279953 0.357489 0.357489 1.13194 1.13194 1.55251 2.29288 2.29288 2.43352 2.97073 2.97073 3.91799 3.91799 5.07855 5.07855 5.86816 
-0.4 -7.85564 -4.65959 -3.80415 -3.80415 -3.72165 -2.90295 -2.90295 -1.92745 -1.92745 -1.71063 -1.71063 -1.52147 -1.01802 -1.01802 -0.197171 -0.197171 -0.00596797 0.27232 0.27232 1.05958 1.05958 1.50566 2.30185 2.30185 2.41443 2.98804 2.98804 3.88116 3.88116 5.05743 5.05743 5.84423 
-0.35 -7.62629 -4.76185 -3.77106 -3.73971 -3.73971 -2.78197 -2.78197 -1.9186 -1.9186 -1.69994 -1.69994 -1.51166 -1.06004 -1.06004 -0.184793 -0.184793 -0.0117598 0.193156 0.193156 0.990304 0.990304 1.45965 2.31012 2.31012 2.39986 3.00611 3.00611 3.84669 3.84669 5.03867 5.03867 5.8231 
-0.3 -7.39831 -4.89846 -3.79538 -3.68231 -3.68231 -2.66415 -2.66415 -1.91194 -1.91194 -1.69996 -1.69996 -1.50253 -1.09683 -1.09683 -0.170251 -0.170251 -0.0150399 0.121071 0.121071 0.925321 0.925321 1.41602 2.31756 2.31756 2.3889 3.02418 3.02418 3.815 3.815 5.02232 5.02232 5.80478 
-0.25 -7.17195 -5.06034 -3.80324 -3.6325 -3.6325 -2.55018 -2.55018 -1.90718 -1.90718 -1.71278 -1.71278 -1.49443 -1.12668 -1.12668 -0.154372 -0.154372 -0.0163424 0.057199 0.057199 0.865988 0.865988 1.37624 2.32404 2.32404 2.38079 3.04149 3.04149 3.78657 3.78657 5.0084 5.0084 5.78927 
-0.2 -6.94759 -5.23949 -3.80219 -3.59084 -3.59084 -2.44105 -2.44105 -1.90396 -1.90396 -1.73947 -1.73947 -1.48759 -1.14864 -1.14864 -0.138261 -0.138261 -0.0162526 0.00271095 0.00271095 0.813824 0.813824 1.34161 2.32948 2.32948 2.37492 3.05725 3.05725 3.76199 3.76199 4.99696 4.99696 5.77657 
-0.15 -6.72589 -5.42999 -3.7974 -3.55783 -3.55783 -2.33843 -2.33843 -1.90193 -1.90193 -1.77914 -1.77914 -1.48218 -1.16304 -1.16304 -0.123286 -0.123286 -0.0412297 -0.0412297 -0.0153706 0.770512 0.770512 1.31332 2.33379 2.33379 2.37081 3.07064 3.07064 3.7419 3.7419 4.98804 4.98804 5.76669 
-0.1 -6.50838 -5.62706 -3.79214 -3.5339 -3.5339 -2.2457 -2.2457 -1.90076 -1.90076 -1.82798 -1.82798 -1.47826 -1.17133 -1.17133 -0.110986 -0.110986 -0.0735429 -0.0735429 -0.0142598 0.737819 0.737819 1.29236 2.33691 2.33691 2.36811 3.0809 3.0809 3.72693 3.72693 4.98164 4.98164 5.75963 
-0.05 -6.30102 -5.82281 -3.78832 -3.5194 -3.5194 -2.17158 -2.17158 -1.90017 -1.90017 -1.87633 -1.87633 -1.4759 -1.17535 -1.17535 -0.102851 -0.102851 -0.0933328 -0.0933328 -0.0133863 0.717389 0.717389 1.27946 2.3388 2.3388 2.36658 3.08736 3.08736 3.71768 3.71768 4.97779 4.97779 5.75539 
3.19189e-16 -6.16608 -5.95398 -3.78694 -3.51454 -3.51454 -2.13944 -2.13944 -1.9 -1.9 -1.9 -1.9 -1.47511 -1.17651 -1.17651 -0.1 -0.1 -0.1 -0.1 -0.013059 0.71043 0.71043 1.27511 2.33944 2.33944 2.36608 3.08957 3.08957 3.71454 3.71454 4.97651 4.97651 5.75398 
0.05 -6.30102 -5.82281 -3.78832 -3.5194 -3.5194 -2.17158 -2.17158 -1.90017 -1.90017 -1.87633 -1.87633 -1.4759 -1.17535 -1.17535 -0.102851 -0.102851 -0.0933328 -0.0933328 -0.0133863 0.717389 0.717389 1.27946 2.3388 2.3388 2.36658 3.08736 3.08736 3.71768 3.71768 4.97779 4.97779 5.75539 
0.1 -6.50838 -5.62706 -3.79214 -3.5339 -3.5339 -2.2457 -2.2457 -1.90076 -1.90076 -1.82798 -1.82798 -1.47826 -1.17133 -1.17133 -0.110986 -0.110986 -0.0735429 -0.0735429 -0.0142598 0.737819 0.737819 1.29236 2.33691 2.33691 2.36811 3.0809 3.0809 3.72693 3.72693 4.98164 4.98164 5.75963 
0.15 -6.72589 -5.42999 -3.7974 -3.55783 -3.55783 -2.33843 -2.33843 -1.90193 -1.90193 -1.77914 -1.77914 -1.48218 -1.16304 -1.16304 -0.123286 -0.123286 -0.0412297 -0.0412297 -0.0153706 0.770512 0.770512 1.31332 2.33379 2.33379 2.37081 3.07064 3.07064 3.7419 3.7419 4.98804 4.98804 5.76669 
0.2 -6.94759 -5.23949 -3.80219 -3.59084 -3.59084 -2.44105 -2.44105 -1.90396 -1.90396 -1.73947 -1.73947 -1.48759 -1.14864 -1.14864 -0.138261 -0.138261 -0.0162526 0.00271095 0.00271095 0.813824 0.813824 1.34161 2.32948 2.32948 2.37492 3.05725 3.05725 3.76199 3.76199 4.99696 4.99696 5.77657 
0.25 -7.17195 -5.06034 -3.80324 -3.6325 -3.6325 -2.55018 -2.55018 -1.90718 -1.90718 -1.71278 -1.71278 -1.49443 -1.12668 -1.12668 -0.154372 -0.154372 -0.0163424 0.057199 0.057199 0.865988 0.865988 1.37624 2.32404 2.32404 2.38079 3.04149 3.04149 3.78657 3.78657 5.0084 5.0084 5.78927 
0.3 -7.39831 -4.89846 -3.79538 -3.68231 -3.68231 -2.66415 -2.66415 -1.91194 -1.91194 -1.69996 -1.69996 -1.50253 -1.09683 -1.09683 -0.170251 -0.170251 -0.0150399 0.121071 0.121071 0.925321 0.925321 1.41602 2.31756 2.31756 2.3889 3.02418 3.02418 3.815 3.815 5.02232 5.02232 5.80478 
0.35 -7.62629 -4.76185 -3.77106 -3.73971 -3.73971 -2.78197 -2.78197 -1.9186 -1.9186 -1.69994 -1.69994 -1.51166 -1.06004 -1.06004 -0.184793 -0.184793 -0.0117598 0.193156 0.193156 0.990304 0.990304 1.45965 2.31012 2.31012 2.39986 3.00611 3.00611 3.84669 3.84669 5.03867 5.03867 5.8231 
0.4 -7.85564 -4.65959 -3.80415 -3.80415 -3.72165 -2.90295 -2.90295 -1.92745 -1.92745 -1.71063 -1.71063 -1.52147 -1.01802 -1.01802 -0.197171 -0.197171 -0.00596797 0.27232 0.27232 1.05958 1.05958 1.50566 2.30185 2.30185 2.41443 2.98804 2.98804 3.88116 3.88116 5.05743 5.05743 5.84423 
0.45 -8.0862 -4.59772 -3.87509 -3.87509 -3.64162 -3.02661 -3.02661 -1.93876 -1.93876 -1.72974 -1.72974 -1.53145 -0.972575 -0.972575 -0.206816 -0.206816 0.00279953 0.357489 0.357489 1.13194 1.13194 1.55251 2.29288 2.29288 2.43352 2.97073 2.97073 3.91799 3.91799 5.07855 5.07855 5.86816 
0.5 -8.31781 -4.57494 -3.95198 -3.95198 -3.53293 -3.15254 -3.15254 -1.95267 -1.95267 -1.75525 -1.75525 -1.5409 -0.925239 -0.925239 -0.213378 -0.213378 0.0149325 0.44766 0.44766 1.20623 1.20623 1.5986 2.2834 2.2834 2.45816 2.95494 2.95494 3.95687 3.95687 5.10198 5.10198 5.89489 
0.55 -8.55037 -4.58393 -4.03432 -4.03432 -3.40378 -3.28046 -3.28046 -1.9693 -1.9693 -1.78559 -1.78559 -1.54887 -0.87712 -0.87712 -0.216688 -0.216688 0.030754 0.541899 0.541899 1.28133 1.28133 1.64239 2.27359 2.27359 2.48938 2.94146 2.94146 3.99752 3.99752 5.12768 5.12768 5.92442 
0.6 -8.78378 -4.61632 -4.12165 -4.12165 -3.4101 -3.4101 -3.26373 -1.98866 -1.98866 -1.81955 -1.81955 -1.55406 -0.82897 -0.82897 -0.216724 -0.216724 0.0505374 0.639327 0.639327 1.35615 1.35615 1.68247 2.26369 2.26369 2.52813 2.93114 2.93114 4.03975 4.03975 5.1556 5.1556 5.95676 
0.65 -9.01797 -4.66557 -4.21353 -4.21353 -3.54125 -3.54125 -3.12101 -2.0107 -2.0107 -1.85629 -1.85629 -1.55478 -0.781277 -0.781277 -0.213576 -0.213576 0.0745266 0.739105 0.739105 1.42951 1.42951 1.71777 2.25402 2.25402 2.57512 2.9249 2.9249 4.0834 4.0834 5.1857 5.1857 5.99191 
0.7 -9.25288 -4.72722 -4.30956 -4.30956 -3.67375 -3.67375 -2.98227 -2.03532 -2.03532 -1.89515 -1.89515 -1.5488 -0.734348 -0.734348 -0.207418 -0.207418 0.102961 0.84041 0.84041 1.50021 1.50021 1.74764 2.24491 2.24491 2.63068 2.92375 2.92375 4.12834 4.12834 5.21793 5.21793 6.02989 
0.75 -9.48844 -4.79837 -4.40938 -4.40938 -3.80744 -3.80744 -2.85318 -2.06238 -2.06238 -1.93568 -1.93568 -1.53344 -0.688373 -0.688373 -0.198485 -0.198485 0.136097 0.942395 0.942395 1.567 1.567 1.77192 2.23685 2.23685 2.69471 2.92875 2.92875 4.1745 4.1745 5.25225 5.25225 6.0707 
0.8 -9.7246 -4.87707 -4.51267 -4.51267 -3.9422 -3.9422 -2.73881 -2.09171 -2.09171 -1.97751 -1.97751 -1.50573 -0.643471 -0.643471 -0.187048 -0.187048 0.174234 1.04415 1.04415 1.62862 1.62862 1.79085 2.23041 2.23041 2.76675 2.941 2.941 4.22181 4.22181 5.28862 5.28862 6.11438 
0.85 -9.96133 -4.96199 -4.61912 -4.61912 -4.07791 -4.07791 -2.64337 -2.12312 -2.12312 -2.0204 -2.0204 -1.46305 -0.599717 -0.599717 -0.173401 -0.173401 0.217727 1.14463 1.14463 1.6839 1.6839 1.80499 2.22639 2.22639 2.84608 2.9615 2.9615 4.27024 4.27024 5.32701 5.32701 6.16093 
0.9 -10.1986 -5.05217 -4.72847 -4.72847 -4.21448 -4.21448 -2.56951 -2.15644 -2.15644 -2.06414 -2.06414 -1.40408 -0.557163 -0.557163 -0.157851 -0.157851 0.266998 1.24259 1.24259 1.73191 1.73191 1.81504 2.22581 2.22581 2.93189 2.99107 2.99107 4.31978 4.31978 5.36738 5.36738 6.21041 
0.95 -10.4363 -5.14689 -4.84046 -4.84046 -4.35183 -4.35183 -2.51763 -2.19147 -2.19147 -2.10857 -2.10857 -1.32962 -0.515851 -0.515851 -0.1407 -0.1407 0.322533 1.33649 1.33649 1.77201 1.77201 1.82177 2.23005 2.23005 3.02333 3.03018 3.03018 4.37043 4.37043 5.40972 5.40972 6.26283 
1 -10.6745 -5.2456 -4.95487 -4.95487 -4.48989 -4.48989 -2.48594 -2.22803 -2.22803 -2.15359 -2.15359 -1.24261 -0.475819 -0.475819 -0.122248 -0.122248 0.38486 1.42443 1.42443 1.80404 1.80404 1.82594 2.24087 2.24087 3.0789 3.0789 3.11962 4.42221 4.42221 5.45399 5.45399 6.31825 
