0.05 -5.00313 -5.00313 -1.16313 -1.13173 -1.13173 -1.06034 -1.05 -1.05 -1.05 -1.05 -1.02139 -1.02139 -0.983127 -0.983127 -0.95 -0.95 -0.95 -0.95 -0.936871 -0.869998 -0.869998 -0.839662 2.90313 2.92139 2.92139 2.97 2.97 3.03173 3.03173 3.08313 3.08313 3.10313 
0.1 -5.01251 -5.01251 -1.32861 -1.265 -1.265 -1.11749 -1.1 -1.1 -1.1 -1.1 -1.04751 -1.04751 -0.970559 -0.970559 -0.9 -0.9 -0.9 -0.9 -0.871393 -0.741952 -0.741952 -0.68251 2.81251 2.84751 2.84751 2.94195 2.94195 3.065 3.065 3.17056 3.17056 3.21251 
0.15 -5.02819 -5.02814 -1.49595 -1.39963 -1.39963 -1.17111 -1.15 -1.15 -1.15 -1.15 -1.07852 -1.07852 -0.962065 -0.962065 -0.85 -0.85 -0.85 -0.85 -0.804054 -0.61612 -0.61612 -0.528891 2.72819 2.77852 2.77852 2.91612 2.91612 3.09963 3.09963 3.26207 3.26207 3.32814 
0.2 -5.05021 -5.05004 -1.66461 -1.53547 -1.53547 -1.2209 -1.2 -1.2 -1.2 -1.2 -1.11457 -1.11457 -0.957412 -0.957412 -0.8 -0.8 -0.8 -0.8 -0.735388 -0.4928 -0.4928 -0.379097 2.65021 2.71457 2.71457 2.8928 2.8928 3.13547 3.13547 3.35741 3.35741 3.45004 
0.25 -5.0787 -5.07817 -1.83403 -1.6724 -1.6724 -1.26663 -1.25 -1.25 -1.25 -1.25 -1.15577 -1.15577 -0.956362 -0.956362 -0.75 -0.75 -0.75 -0.75 -0.665971 -0.372334 -0.372334 -0.233369 2.5787 2.65577 2.65577 2.87233 2.87233 3.1724 3.1724 3.45636 3.45636 3.57817 
0.3 -5.11379 -5.11251 -2.00357 -1.81031 -1.81031 -1.30811 -1.3 -1.3 -1.3 -1.3 -1.2022 -1.2022 -0.958681 -0.958681 -0.7 -0.7 -0.7 -0.7 -0.596426 -0.255107 -0.255107 -0.0918916 2.51379 2.6022 2.6022 2.85511 2.85511 3.21031 3.21031 3.55868 3.55868 3.71251 
0.35 -5.1557 -5.15296 -2.17258 -1.94909 -1.94909 -1.35 -1.35 -1.35 -1.35 -1.34521 -1.25388 -1.25388 -0.964141 -0.964141 -0.65 -0.65 -0.65 -0.65 -0.52742 -0.14156 -0.14156 0.0452077 2.4557 2.55388 2.55388 2.84156 2.84156 3.24909 3.24909 3.66414 3.66414 3.85296 
0.4 -5.2047 -5.19945 -2.34034 -2.08865 -2.08865 -1.4 -1.4 -1.4 -1.4 -1.37786 -1.3108 -1.3108 -0.972521 -0.972521 -0.6 -0.6 -0.6 -0.6 -0.459661 -0.0321821 -0.0321821 0.177856 2.4047 2.5108 2.5108 2.83218 2.83218 3.28865 3.28865 3.77252 3.77252 3.99945 
0.45 -5.26112 -5.25183 -2.5061 -2.22893 -2.22893 -1.45 -1.45 -1.45 -1.45 -1.40603 -1.3729 -1.3729 -0.983611 -0.983611 -0.55 -0.55 -0.55 -0.55 -0.393901 0.0724882 0.0724882 0.306033 2.36112 2.4729 2.4729 2.82751 2.82751 3.32893 3.32893 3.88361 3.88361 4.15183 
0.5 -5.32534 -5.30994 -2.66908 -2.36986 -2.36986 -1.5 -1.5 -1.5 -1.5 -1.44009 -1.44009 -1.42977 -0.997212 -0.997212 -0.5 -0.5 -0.5 -0.5 -0.330919 0.171869 0.171869 0.429769 2.32534 2.44009 2.44009 2.82813 2.82813 3.36986 3.36986 3.99721 3.99721 4.30994 
0.55 -5.39779 -5.37359 -2.82849 -2.51136 -2.51136 -1.55 -1.55 -1.55 -1.55 -1.51222 -1.51222 -1.44914 -1.01314 -1.01314 -0.45 -0.45 -0.45 -0.45 -0.271512 0.26535 0.26535 0.549139 2.29779 2.41222 2.41222 2.83465 2.83465 3.41136 3.41136 4.11314 4.11314 4.47359 
0.6 -5.4789 -5.44256 -2.98353 -2.6534 -2.6534 -1.6 -1.6 -1.6 -1.6 -1.58915 -1.58915 -1.46425 -1.03121 -1.03121 -0.4 -0.4 -0.4 -0.4 -0.216472 0.352315 0.352315 0.664255 2.2789 2.38915 2.38915 2.84769 2.84769 3.4534 3.4534 4.23121 4.23121 4.64256 
0.65 -5.56911 -5.5166 -3.13344 -2.79593 -2.79593 -1.67067 -1.67067 -1.65 -1.65 -1.65 -1.65 -1.47526 -1.05128 -1.05128 -0.35 -0.35 -0.35 -0.35 -0.166555 0.432169 0.432169 0.775261 2.26911 2.37067 2.37067 2.86783 2.86783 3.49593 3.49593 4.35128 4.35128 4.8166 
0.7 -5.66879 -5.59548 -3.27756 -2.9389 -2.9389 -1.75658 -1.75658 -1.7 -1.7 -1.7 -1.7 -1.48233 -1.07317 -1.07317 -0.3 -0.3 -0.3 -0.3 -0.122445 0.504381 0.504381 0.882327 2.26879 2.35658 2.35658 2.89562 2.89562 3.5389 3.5389 4.47317 4.47317 4.99548 
0.75 -5.77825 -5.67892 -3.41529 -3.08228 -3.08228 -1.84664 -1.84664 -1.75 -1.75 -1.75 -1.75 -1.48564 -1.09677 -1.09677 -0.25 -0.25 -0.25 -0.25 -0.0847108 0.568519 0.568519 0.985642 2.27825 2.34664 2.34664 2.93148 2.93148 3.58228 3.58228 4.59677 4.59677 5.17892 
0.8 -5.89764 -5.76666 -3.54623 -3.22603 -3.22603 -1.94063 -1.94063 -1.8 -1.8 -1.8 -1.8 -1.48541 -1.12194 -1.12194 -0.2 -0.2 -0.2 -0.2 -0.053773 0.624291 0.624291 1.08541 2.29764 2.34063 2.34063 2.97571 2.97571 3.62603 3.62603 4.72194 4.72194 5.36666 
0.85 -6.02698 -5.85844 -3.67013 -3.37013 -3.37013 -2.03831 -2.03831 -1.85 -1.85 -1.85 -1.85 -1.48182 -1.14855 -1.14855 -0.15 -0.15 -0.15 -0.15 -0.0298723 0.671575 0.671575 1.18182 2.32698 2.33831 2.33831 3.02842 3.02842 3.67013 3.67013 4.84855 4.84855 5.55844 
0.9 -6.16608 -5.95398 -3.78694 -3.51454 -3.51454 -2.13944 -2.13944 -1.9 -1.9 -1.9 -1.9 -1.47511 -1.17651 -1.17651 -0.1 -0.1 -0.1 -0.1 -0.013059 0.71043 0.71043 1.27511 2.33944 2.33944 2.36608 3.08957 3.08957 3.71454 3.71454 4.97651 4.97651 5.75398 
0.95 -6.31463 -6.05304 -3.8968 -3.65925 -3.65925 -2.24379 -2.24379 -1.95 -1.95 -1.95 -1.95 -1.46546 -1.20571 -1.20571 -0.05 -0.05 -0.05 -0.05 -0.00319935 0.741087 0.741087 1.36546 2.34379 2.34379 2.41463 3.15891 3.15891 3.75925 3.75925 5.10571 5.10571 5.95304 
1 -6.47214 -6.15537 -4 -3.80423 -3.80423 -2.35114 -2.35114 -2 -2 -2 -2 -1.45309 -1.23607 -1.23607 -2.46865e-16 1.45196e-16 3.28307e-16 5.09899e-16 5.80796e-16 0.763932 0.763932 1.45309 2.35114 2.35114 2.47214 3.23607 3.23607 3.80423 3.80423 5.23607 5.23607 6.15537 
1.05 -6.63802 -6.26073 -4.09696 -3.94945 -3.94945 -2.46128 -2.46128 -2.05 -2.05 -2.05 -2.05 -1.43818 -1.26749 -1.26749 -0.00304381 0.05 0.05 0.05 0.05 0.779466 0.779466 1.53818 2.36128 2.36128 2.53802 3.32053 3.32053 3.84945 3.84945 5.36749 5.36749 6.36073 
1.1 -6.81164 -6.36891 -4.18817 -4.09492 -4.09492 -2.57399 -2.57399 -2.1 -2.1 -2.1 -2.1 -1.42092 -1.2999 -1.2999 -0.0118313 0.1 0.1 0.1 0.1 0.788264 0.788264 1.62092 2.37399 2.37399 2.61164 3.41174 3.41174 3.89492 3.89492 5.4999 5.4999 6.56891 
1.15 -6.9923 -6.4797 -4.27418 -4.24059 -4.24059 -2.6891 -2.6891 -2.15 -2.15 -2.15 -2.15 -1.40149 -1.33324 -1.33324 -0.0258205 0.15 0.15 0.15 0.15 0.79094 0.79094 1.70149 2.3891 2.3891 2.6923 3.50906 3.50906 3.94059 3.94059 5.63324 5.63324 6.7797 
1.2 -7.17932 -6.5929 -4.38647 -4.38647 -4.35554 -2.80642 -2.80642 -2.2 -2.2 -2.2 -2.2 -1.38005 -1.36743 -1.36743 -0.0444603 0.2 0.2 0.2 0.2 0.788109 0.788109 1.78005 2.40642 2.40642 2.77932 3.61189 3.61189 3.98647 3.98647 5.76743 5.76743 6.9929 
1.25 -7.37206 -6.70833 -4.53254 -4.53254 -4.43278 -2.92579 -2.92579 -2.25 -2.25 -2.25 -2.25 -1.40242 -1.40242 -1.35676 -0.0672163 0.25 0.25 0.25 0.25 0.780364 0.780364 1.85676 2.42579 2.42579 2.87206 3.71964 3.71964 4.03254 4.03254 5.90242 5.90242 7.20833 
1.3 -7.56989 -6.82583 -4.67879 -4.67879 -4.50641 -3.04704 -3.04704 -2.3 -2.3 -2.3 -2.3 -1.43815 -1.43815 -1.33175 -0.0935871 0.3 0.3 0.3 0.3 0.768261 0.768261 1.93175 2.44704 2.44704 2.96989 3.83174 3.83174 4.07879 4.07879 6.03815 6.03815 7.42583 
1.35 -7.77227 -6.94523 -4.8252 -4.8252 -4.57689 -3.17004 -3.17004 -2.35 -2.35 -2.35 -2.35 -1.47458 -1.47458 -1.30516 -0.123115 0.35 0.35 0.35 0.35 0.752309 0.752309 2.00516 2.47004 2.47004 3.07227 3.94769 3.94769 4.1252 4.1252 6.17458 6.17458 7.64523 
1.4 -7.97868 -7.06641 -4.97176 -4.97176 -4.64461 -3.29465 -3.29465 -2.4 -2.4 -2.4 -2.4 -1.51165 -1.51165 -1.27711 -0.155388 0.4 0.4 0.4 0.4 0.732964 0.732964 2.07711 2.49465 2.49465 3.17868 4.06704 4.06704 4.17176 4.17176 6.31165 6.31165 7.86641 
1.45 -8.18869 -7.18923 -5.11847 -5.11847 -4.70996 -3.42076 -3.42076 -2.45 -2.45 -2.45 -2.45 -1.54932 -1.54932 -1.24771 -0.190044 0.45 0.45 0.45 0.45 0.710631 0.710631 2.14771 2.52076 2.52076 3.28869 4.18937 4.18937 4.21847 4.21847 6.44932 6.44932 8.08923 
1.5 -8.4019 -7.31356 -5.26531 -5.26531 -4.77324 -3.54824 -3.54824 -2.5 -2.5 -2.5 -2.5 -1.58757 -1.58757 -1.21707 -0.226764 0.5 0.5 0.5 0.5 0.685669 0.685669 2.21707 2.54824 2.54824 3.4019 4.26531 4.26531 4.31433 4.31433 6.58757 6.58757 8.31356 
