0.05 -4.54767 -3.46258 -2.7415 -2.52134 -2.19833 -2.01521 -1.99238 -1.8049 -1.48072 -1.47152 -1.26617 -1.25709 -1.06448 -0.728023 -0.325123 -0.202125 0.197159 0.325612 0.72744 0.74867 1.06509 1.06788 1.26205 1.47097 1.59559 1.67817 2.01868 2.32944 2.41201 2.93425 3.25452 5.99161 
0.1 -4.27956 -3.83243 -3.62886 -2.94954 -2.87847 -2.67488 -2.43658 -2.23285 -1.99444 -1.66306 -1.53858 -1.20267 -1.14074 -0.930985 -0.662765 -0.312989 0.594377 0.798122 0.988822 1.45931 1.49365 1.66914 1.93543 1.94396 2.14519 2.30323 2.40043 2.45899 2.66867 2.76389 3.30352 5.43266 
0.15 -4.47775 -3.71847 -3.49336 -3.40606 -3.18067 -2.86166 -2.56342 -2.54901 -2.24451 -1.59511 -1.3194 -1.24883 -0.733538 -0.666266 -0.539799 -0.199014 0.113461 0.115395 0.656407 0.975237 1.198 1.51732 1.9739 1.9799 2.29333 2.31301 2.58785 2.68852 3.17441 3.27098 4.05229 5.88685 
0.2 -5.03774 -4.6107 -4.41322 -3.99263 -3.23462 -2.77793 -1.38439 -1.23178 -0.967115 -0.772077 -0.657262 -0.584521 -0.503361 -0.2161 -0.179749 0.231464 0.261831 0.392484 0.505242 0.703066 0.84241 0.863943 0.956178 1.22475 1.30611 1.66166 2.48351 2.88932 3.20329 3.32327 4.63948 5.0752 
0.25 -5.77518 -4.59328 -3.06546 -2.88509 -2.49558 -2.22864 -1.93365 -1.70215 -1.20128 -1.15239 -1.00354 -0.759419 -0.741194 -0.154822 -0.145431 0.0895774 0.159061 0.24422 0.433954 0.519707 0.731821 0.779693 0.962623 1.3967 1.81519 1.97731 2.10209 2.76507 3.23032 3.72231 3.89355 5.01391 
0.3 -5.45137 -3.00655 -2.82515 -2.58087 -2.54462 -2.12845 -2.03528 -1.94834 -1.73258 -1.66496 -1.49678 -1.40953 -1.04187 -0.954033 -0.511281 -0.250422 0.205376 0.574391 0.856073 0.982626 1.08755 1.28626 1.47286 1.72722 1.73871 1.95942 2.48689 2.53391 2.88907 3.35401 3.85322 4.57449 
0.35 -6.12262 -3.78473 -3.57983 -2.97616 -2.43326 -2.25436 -1.97113 -1.78557 -1.53348 -1.24364 -1.21869 -0.78611 -0.612126 -0.57001 -0.39104 -0.117075 0.10629 0.58539 0.695459 0.726191 0.953442 1.29608 1.30653 1.41337 1.74718 1.80178 2.55504 2.80288 3.21875 3.65584 3.893 4.62261 
0.4 -5.66371 -4.02656 -3.08464 -2.9688 -2.78548 -2.37051 -1.92765 -1.584 -1.39573 -1.30447 -1.20452 -0.789963 -0.707566 -0.341372 -0.190618 -0.0674451 0.0612237 0.258825 0.432013 0.659632 0.757188 1.10388 1.27607 1.46277 1.80789 2.05736 2.29681 2.47532 3.15954 3.92194 4.24221 4.44035 
0.45 -4.78734 -4.50709 -4.19818 -3.57317 -3.27464 -2.8339 -1.92046 -1.46795 -1.16215 -0.9848 -0.69626 -0.622076 -0.56302 -0.211119 -0.132432 -0.120368 0.0610641 0.191422 0.384271 0.593816 0.756303 0.850884 1.07575 1.45023 1.55911 2.3182 2.34708 2.97705 3.44603 4.01092 4.22857 4.80427 
0.5 -5.67524 -3.89962 -3.50457 -3.17788 -2.95935 -2.77358 -2.33415 -2.03311 -1.47756 -1.28938 -1.00214 -0.967591 -0.740543 -0.649312 -0.52964 -0.434888 -0.0216898 0.273701 0.347582 0.694341 0.756335 1.04165 1.10699 1.59303 1.86111 2.40381 2.63103 2.83042 3.07026 4.02098 4.62977 6.20924 
0.55 -5.02022 -4.49373 -3.56169 -3.38777 -2.95135 -2.51469 -2.35351 -2.32452 -1.84706 -1.67891 -1.59298 -1.31684 -1.05577 -0.701984 -0.319149 -0.251097 -0.0123641 0.42377 0.780194 0.820741 1.31195 1.43449 1.7214 2.03514 2.26858 2.38011 2.60787 2.92409 3.1175 3.60626 4.41159 5.53994 
0.6 -5.04202 -4.78069 -4.13121 -3.50345 -3.22916 -2.97313 -2.40112 -1.97516 -1.86632 -1.58571 -1.32185 -1.08029 -0.809885 -0.600463 -0.32683 -0.130376 0.136828 0.395847 0.743432 0.794197 1.43383 1.49268 1.75824 1.89631 2.17941 2.279 2.6675 2.9046 3.22834 3.62609 3.86931 6.35205 
0.65 -5.31626 -4.71361 -4.4723 -3.42099 -3.13134 -3.00123 -2.50846 -1.87923 -1.79601 -1.55073 -1.31111 -1.04156 -1.00316 -0.631112 -0.325762 -0.092359 0.292965 0.602063 0.733632 0.931923 1.2142 1.36333 1.61933 2.10704 2.18681 2.47665 2.62947 2.83496 3.38125 4.06949 4.72192 5.03018 
0.7 -6.6828 -4.66594 -4.16864 -3.53928 -3.05449 -3.00584 -2.28491 -2.15103 -1.88789 -1.82426 -1.29902 -1.00531 -0.843128 -0.794465 -0.443968 -0.190449 -0.0418602 0.148128 0.383523 0.754673 0.906388 1.47337 1.58591 1.84629 2.36091 2.52396 2.79094 3.38331 3.64567 4.22791 5.57094 6.28135 
0.75 -5.49524 -5.00898 -4.33705 -3.94311 -3.13573 -2.87946 -2.79133 -2.49926 -2.23424 -1.71085 -1.50543 -1.24228 -0.989336 -0.873346 -0.511897 -0.365657 -0.141265 0.266948 0.583611 0.831495 1.26009 1.36522 1.83011 2.06499 2.24946 2.80561 2.88144 3.50052 4.00855 4.34557 5.55915 6.11169 
0.8 -5.68966 -5.12839 -4.2386 -3.7087 -3.42706 -3.02617 -2.77188 -2.4009 -2.13637 -1.76521 -1.55195 -1.43427 -0.800885 -0.733332 -0.641471 -0.519944 -0.121034 0.330804 0.336113 0.767252 1.20848 1.34608 1.65693 2.02644 2.22026 2.83472 3.0626 3.50763 4.0367 4.65755 5.70567 6.3986 
0.85 -7.34074 -4.75329 -4.25592 -3.75145 -3.24489 -2.96772 -2.61275 -2.26199 -1.8609 -1.61735 -1.52 -1.21398 -0.994085 -0.69217 -0.344555 -0.0575587 0.203077 0.416809 0.764165 0.980376 1.29255 1.39779 1.87092 2.01034 2.49647 2.58779 2.98654 3.27037 3.4248 4.45389 5.14532 6.18813 
0.9 -6.36883 -5.56768 -4.81022 -4.27107 -3.36331 -3.31256 -3.02822 -2.68242 -2.62927 -2.07391 -1.61852 -1.55827 -1.25683 -0.732552 -0.648522 -0.291972 -0.00928924 0.329942 0.85845 1.07005 1.48269 1.72224 1.7957 2.04215 2.59866 3.21158 3.56346 3.81879 4.48373 5.09585 5.46578 6.68437 
0.95 -6.96143 -5.87944 -4.82772 -4.03876 -3.73633 -3.08429 -2.8615 -2.59938 -2.14331 -1.83294 -1.59476 -1.13838 -0.794615 -0.378944 -0.228709 -0.0348554 0.108931 0.585196 0.76715 0.983082 1.38369 1.5026 1.84462 2.212 2.45839 2.98881 3.08437 3.48576 4.15419 4.68659 5.11315 6.77684 
1 -6.58837 -5.43918 -4.7241 -3.7298 -3.43406 -3.1202 -2.71831 -2.48885 -2.07031 -1.8187 -1.49925 -1.23901 -0.89123 -0.709542 -0.307817 -0.255406 0.210638 0.418714 0.757777 0.897705 1.41391 1.51873 1.78289 1.83413 2.55076 2.59537 3.15669 3.35482 4.00935 4.61797 5.0676 6.84707 
1.05 -6.71409 -5.69747 -5.1171 -4.19253 -3.53829 -3.31006 -3.05185 -2.76146 -2.28232 -2.05904 -1.61998 -1.46548 -1.1317 -0.517139 -0.416547 -0.199045 0.242174 0.27458 0.817794 0.930988 1.31415 1.56141 1.84831 2.32549 2.41162 3.06639 3.55216 3.68643 4.44433 5.10097 5.47245 7.02485 
1.1 -7.14425 -5.91431 -4.87195 -4.31842 -3.6335 -3.46321 -3.05981 -2.6318 -2.10168 -1.86154 -1.59819 -1.2797 -0.775537 -0.669009 -0.288588 -0.0918084 0.126115 0.359016 0.671172 1.0805 1.25818 1.71836 1.88935 2.24541 2.64109 2.85415 3.44369 3.63533 4.32282 4.92049 5.466 7.07162 
1.15 -7.14343 -5.63823 -4.92571 -4.23313 -3.75051 -3.47366 -2.82581 -2.65233 -2.07225 -1.9922 -1.6284 -1.24075 -1.13218 -0.641857 -0.279727 -0.145495 0.118147 0.323527 0.585076 1.10776 1.21802 1.58192 1.98414 2.0276 2.57068 2.97905 3.42317 3.76599 4.25433 4.94845 5.72041 7.16739 
1.2 -7.29491 -5.80786 -5.0091 -4.19519 -3.95559 -3.52811 -2.89836 -2.7752 -2.23601 -2.06448 -1.71119 -1.29759 -1.19769 -0.640563 -0.365053 -0.252784 0.159831 0.490247 0.634238 1.11355 1.24932 1.6243 1.7841 2.34085 2.56714 3.04102 3.58423 3.82704 4.51861 5.16904 5.71135 7.41482 
1.25 -7.59111 -6.13442 -5.46838 -4.50069 -4.16691 -3.69271 -3.30839 -3.04942 -2.36911 -2.20462 -1.79946 -1.59478 -1.22446 -0.949541 -0.662466 -0.296068 -0.0732461 0.461349 0.764673 0.871433 1.23306 1.71881 2.05585 2.3271 3.02392 3.28694 3.52537 4.32606 4.94513 5.16087 6.53316 8.85207 
1.3 -8.10196 -6.15474 -5.67485 -4.86632 -4.11051 -3.94294 -3.44376 -2.88462 -2.4522 -2.06597 -1.86468 -1.63288 -1.08622 -0.95081 -0.629223 -0.188443 0.110913 0.453336 0.533885 1.13308 1.26319 1.88317 2.15761 2.45803 2.99271 3.38199 3.69914 4.42707 4.8072 5.69976 6.66667 8.38236 
1.35 -8.00213 -6.31205 -5.6469 -4.73812 -4.09435 -3.92741 -3.31906 -2.95071 -2.25618 -2.22585 -1.75237 -1.60445 -1.18831 -0.75927 -0.523135 -0.348444 0.339869 0.422612 0.750871 1.11335 1.50379 1.72243 2.25559 2.30029 2.82683 3.45299 3.75121 4.22862 4.74523 5.65069 6.4085 8.17586 
1.4 -8.72819 -6.83664 -5.78326 -5.1945 -4.55388 -4.00455 -3.52406 -2.99835 -2.29715 -2.1939 -1.92218 -1.42198 -1.01864 -0.853906 -0.359222 -0.114513 0.302324 0.374012 0.837423 1.27449 1.43928 1.97998 2.31899 2.45831 3.12237 3.57039 4.05162 4.29332 5.05134 5.75748 6.56318 8.41041 
1.45 -8.75196 -6.4871 -5.94874 -5.17828 -4.39345 -3.9666 -3.66304 -2.96364 -2.50397 -2.19281 -1.83167 -1.53144 -1.13115 -0.905035 -0.443685 -0.26346 0.36303 0.47338 0.694402 1.22277 1.57595 1.81177 2.31504 2.50256 3.23053 3.6361 4.14566 4.15412 5.02005 5.84486 6.79676 8.36903 
1.5 -9.20732 -6.85594 -6.09412 -5.44114 -4.66148 -3.99456 -3.91081 -3.05708 -2.47637 -2.31947 -1.9342 -1.54956 -1.21796 -0.937905 -0.362572 -0.29952 0.334709 0.394747 0.870748 1.2714 1.55416 1.94612 2.38155 2.518 3.27746 3.80371 4.23855 4.51077 5.33722 5.99972 7.03992 8.84124 
