-1 0.000749879 0.0017788 0.0017788 0.00739232 0.0017788 0.00475796 0.00739232 0.0314061 0.0017788 0.00475796 0.00475796 0.0213074 0.00739232 0.0213074 0.0314061 0.14158 0.0017788 0.00739232 0.00475796 0.0314061 0.00475796 0.0213074 0.0213074 0.14158 0.00739232 0.0314061 0.0213074 0.14158 0.0314061 0.14158 0.14158 0.944548 
-0.95 0.000867068 0.00196272 0.00196272 0.00791648 0.00196272 0.00504697 0.00791648 0.0327059 0.00196272 0.00504697 0.00504697 0.0220217 0.00791648 0.0220217 0.0327059 0.143756 0.00196272 0.00791648 0.00504697 0.0327059 0.00504697 0.0220217 0.0220217 0.143756 0.00791648 0.0327059 0.0220217 0.143756 0.0327059 0.143756 0.143756 0.94257 
-0.9 -0.00100784 -0.00217215 -0.00217215 -0.00849342 -0.00217215 -0.00536125 -0.00849342 -0.0340915 -0.00217215 -0.00536125 -0.00536125 -0.0227743 -0.00849342 -0.0227743 -0.0340915 -0.145999 -0.00217215 -0.00849342 -0.00536125 -0.0340915 -0.00536125 -0.0227743 -0.0227743 -0.145999 -0.00849342 -0.0340915 -0.0227743 -0.145999 -0.0340915 -0.145999 -0.145999 -0.940472 
-0.85 0.00117819 0.0024117 0.0024117 0.00913031 0.0024117 0.00570388 0.00913031 0.035571 0.0024117 0.00570388 0.00570388 0.0235684 0.00913031 0.0235684 0.035571 0.148311 0.0024117 0.00913031 0.00570388 0.035571 0.00570388 0.0235684 0.0235684 0.148311 0.00913031 0.035571 0.0235684 0.148311 0.035571 0.148311 0.148311 0.938246 
-0.8 0.00138595 0.00268708 0.00268708 0.00983561 0.00268708 0.00607844 0.00983561 0.0371539 0.00268708 0.00607844 0.00607844 0.0244074 0.00983561 0.0244074 0.0371539 0.150697 0.00268708 0.00983561 0.00607844 0.0371539 0.00607844 0.0244074 0.0244074 0.150697 0.00983561 0.0371539 0.0244074 0.150697 0.0371539 0.150697 0.150697 0.935876 
-0.75 0.00164158 0.00300535 0.00300535 0.0106194 0.00300535 0.00648917 0.0106194 0.0388506 0.00300535 0.00648917 0.00648917 0.0252951 0.0106194 0.0252951 0.0388506 0.15316 0.00300535 0.0106194 0.00648917 0.0388506 0.00648917 0.0252951 0.0252951 0.15316 0.0106194 0.0388506 0.0252951 0.15316 0.0388506 0.15316 0.15316 0.93335 
-0.7 0.00195921 0.00337545 0.00337545 0.0114936 0.00337545 0.00694108 0.0114936 0.0406733 0.00337545 0.00694108 0.00694108 0.0262362 0.0114936 0.0262362 0.0406733 0.155703 0.00337545 0.0114936 0.00694108 0.0406733 0.00694108 0.0262362 0.0262362 0.155703 0.0114936 0.0406733 0.0262362 0.155703 0.0406733 0.155703 0.155703 0.930649 
-0.65 -0.00235821 -0.00380876 -0.00380876 -0.0124727 -0.00380876 -0.00744021 -0.0124727 -0.0426362 -0.00380876 -0.00744021 -0.00744021 -0.0272356 -0.0124727 -0.0272356 -0.0426362 -0.158331 -0.00380876 -0.0124727 -0.00744021 -0.0426362 -0.00744021 -0.0272356 -0.0272356 -0.158331 -0.0124727 -0.0426362 -0.0272356 -0.158331 -0.0426362 -0.158331 -0.158331 -0.927753 
-0.6 -0.00286567 -0.00432002 -0.00432002 -0.0135745 -0.00432002 -0.00799389 -0.0135745 -0.0447556 -0.00432002 -0.00799389 -0.00799389 -0.0282992 -0.0135745 -0.0282992 -0.0447556 -0.161048 -0.00432002 -0.0135745 -0.00799389 -0.0447556 -0.00799389 -0.0282992 -0.0282992 -0.161048 -0.0135745 -0.0447556 -0.0282992 -0.161048 -0.0447556 -0.161048 -0.161048 -0.924639 
-0.55 -0.00352027 -0.00492866 -0.00492866 -0.0148207 -0.00492866 -0.00861113 -0.0148207 -0.0470505 -0.00492866 -0.00861113 -0.00861113 -0.0294338 -0.0148207 -0.0294338 -0.0470505 -0.163858 -0.00492866 -0.0148207 -0.00861113 -0.0470505 -0.00861113 -0.0294338 -0.0294338 -0.163858 -0.0148207 -0.0470505 -0.0294338 -0.163858 -0.0470505 -0.163858 -0.163858 -0.921276 
-0.5 0.00437861 0.00566087 0.00566087 0.0162388 0.00566087 0.00930331 0.0162388 0.049544 0.00566087 0.00930331 0.00930331 0.0306476 0.0162388 0.0306476 0.049544 0.166766 0.00566087 0.0162388 0.00930331 0.049544 0.00930331 0.0306476 0.0306476 0.166766 0.0162388 0.049544 0.0306476 0.166766 0.049544 0.166766 0.166766 0.91763 
-0.45 0.00552599 0.00655284 0.00655284 0.0178637 0.00655284 0.010085 0.0178637 0.0522634 0.00655284 0.010085 0.010085 0.0319503 0.0178637 0.0319503 0.0522634 0.169777 0.00655284 0.0178637 0.010085 0.0522634 0.010085 0.0319503 0.0319503 0.169777 0.0178637 0.0522634 0.0319503 0.169777 0.0522634 0.169777 0.169777 0.913656 
-0.4 0.00709552 0.00765629 0.00765629 0.0197414 0.00765629 0.0109755 0.0197414 0.0552425 0.00765629 0.0109755 0.0109755 0.0333539 0.0197414 0.0333539 0.0552425 0.172896 0.00765629 0.0197414 0.0109755 0.0552425 0.0109755 0.0333539 0.0333539 0.172896 0.0197414 0.0552425 0.0333539 0.172896 0.0552425 0.172896 0.172896 0.909296 
-0.35 0.00930403 0.00904825 0.00904825 0.0219337 0.00904825 0.0120014 0.0219337 0.0585238 0.00904825 0.0120014 0.0120014 0.0348738 0.0219337 0.0348738 0.0585238 0.176128 0.00904825 0.0219337 0.0120014 0.0585238 0.0120014 0.0348738 0.0348738 0.176128 0.0219337 0.0585238 0.0348738 0.176128 0.0585238 0.176128 0.176128 0.904471 
-0.3 -0.0125245 -0.0108499 -0.0108499 -0.0245286 -0.0108499 -0.0132012 -0.0245286 -0.0621628 -0.0108499 -0.0132012 -0.0132012 -0.0365302 -0.0245286 -0.0365302 -0.0621628 -0.179475 -0.0108499 -0.0245286 -0.0132012 -0.0621628 -0.0132012 -0.0365302 -0.0365302 -0.179475 -0.0245286 -0.0621628 -0.0365302 -0.179475 -0.0621628 -0.179475 -0.179475 -0.899069 
-0.25 -0.0174458 -0.0132664 -0.0132664 -0.0276584 -0.0132664 -0.014635 -0.0276584 -0.0662358 -0.0132664 -0.014635 -0.014635 -0.0383518 -0.0276584 -0.0383518 -0.0662358 -0.182938 -0.0132664 -0.0276584 -0.014635 -0.0662358 -0.014635 -0.0383518 -0.0383518 -0.182938 -0.0276584 -0.0662358 -0.0383518 -0.182938 -0.0662358 -0.182938 -0.182938 -0.892915 
-0.2 -0.0254692 -0.0166828 -0.0166828 -0.0315433 -0.0166828 -0.0164067 -0.0315433 -0.0708566 -0.0166828 -0.0164067 -0.0164067 -0.0403825 -0.0315433 -0.0403825 -0.0708566 -0.186506 -0.0166828 -0.0315433 -0.0164067 -0.0708566 -0.0164067 -0.0403825 -0.0403825 -0.186506 -0.0315433 -0.0708566 -0.0403825 -0.186506 -0.0708566 -0.186506 -0.186506 -0.885697 
-0.15 0.0398749 0.0219391 0.0219391 0.0366095 0.0219391 0.0187271 0.0366095 0.0762182 0.0219391 0.0187271 0.0187271 0.0427 0.0366095 0.0427 0.0762182 0.190129 0.0219391 0.0366095 0.0187271 0.0762182 0.0187271 0.0427 0.0427 0.190129 0.0366095 0.0762182 0.0427 0.190129 0.0762182 0.190129 0.190129 0.876721 
-0.1 0.0702505 0.0313533 0.0313533 0.0439082 0.0313533 0.0221398 0.0439082 0.0827199 0.0313533 0.0221398 0.0221398 0.0454689 0.0439082 0.0454689 0.0827199 0.193567 0.0313533 0.0439082 0.0221398 0.0827199 0.0221398 0.0454689 0.0454689 0.193567 0.0439082 0.0827199 0.0454689 0.193567 0.0827199 0.193567 0.193567 0.863811 
-0.05 -0.158326 -0.0545703 -0.0545703 -0.0573481 -0.0545703 -0.0287465 -0.0573481 -0.0913726 -0.0545703 -0.0287465 -0.0287465 -0.0490819 -0.0573481 -0.0490819 -0.0913726 -0.194834 -0.0545703 -0.0573481 -0.0287465 -0.0913726 -0.0287465 -0.0490819 -0.0490819 -0.194834 -0.0573481 -0.0913726 -0.0490819 -0.194834 -0.0913726 -0.194834 -0.194834 -0.834192 
3.19189e-16 -0.577474 -0.14964 -0.14964 -0.0928292 -0.14964 -0.0479086 -0.0928292 -0.0928292 -0.14964 -0.0479086 -0.0479086 -0.0479086 -0.0928292 -0.0479086 -0.0928292 -0.14964 -0.14964 -0.0928292 -0.0479086 -0.0928292 -0.0479086 -0.0479086 -0.0479086 -0.14964 -0.0928292 -0.0928292 -0.0479086 -0.14964 -0.0928292 -0.14964 -0.14964 -0.577474 
0.05 0.834192 0.194834 0.194834 0.0913726 0.194834 0.0490819 0.0913726 0.0573481 0.194834 0.0490819 0.0490819 0.0287465 0.0913726 0.0287465 0.0573481 0.0545703 0.194834 0.0913726 0.0490819 0.0573481 0.0490819 0.0287465 0.0287465 0.0545703 0.0913726 0.0573481 0.0287465 0.0545703 0.0573481 0.0545703 0.0545703 0.158326 
0.1 -0.863811 -0.193567 -0.193567 -0.0827199 -0.193567 -0.0454689 -0.0827199 -0.0439082 -0.193567 -0.0454689 -0.0454689 -0.0221398 -0.0827199 -0.0221398 -0.0439082 -0.0313533 -0.193567 -0.0827199 -0.0454689 -0.0439082 -0.0454689 -0.0221398 -0.0221398 -0.0313533 -0.0827199 -0.0439082 -0.0221398 -0.0313533 -0.0439082 -0.0313533 -0.0313533 -0.0702505 
0.15 0.876721 0.190129 0.190129 0.0762182 0.190129 0.0427 0.0762182 0.0366095 0.190129 0.0427 0.0427 0.0187271 0.0762182 0.0187271 0.0366095 0.0219391 0.190129 0.0762182 0.0427 0.0366095 0.0427 0.0187271 0.0187271 0.0219391 0.0762182 0.0366095 0.0187271 0.0219391 0.0366095 0.0219391 0.0219391 0.0398749 
0.2 -0.885697 -0.186506 -0.186506 -0.0708566 -0.186506 -0.0403825 -0.0708566 -0.0315433 -0.186506 -0.0403825 -0.0403825 -0.0164067 -0.0708566 -0.0164067 -0.0315433 -0.0166828 -0.186506 -0.0708566 -0.0403825 -0.0315433 -0.0403825 -0.0164067 -0.0164067 -0.0166828 -0.0708566 -0.0315433 -0.0164067 -0.0166828 -0.0315433 -0.0166828 -0.0166828 -0.0254692 
0.25 -0.892915 -0.182938 -0.182938 -0.0662358 -0.182938 -0.0383518 -0.0662358 -0.0276584 -0.182938 -0.0383518 -0.0383518 -0.014635 -0.0662358 -0.014635 -0.0276584 -0.0132664 -0.182938 -0.0662358 -0.0383518 -0.0276584 -0.0383518 -0.014635 -0.014635 -0.0132664 -0.0662358 -0.0276584 -0.014635 -0.0132664 -0.0276584 -0.0132664 -0.0132664 -0.0174458 
0.3 0.899069 0.179475 0.179475 0.0621628 0.179475 0.0365302 0.0621628 0.0245286 0.179475 0.0365302 0.0365302 0.0132012 0.0621628 0.0132012 0.0245286 0.0108499 0.179475 0.0621628 0.0365302 0.0245286 0.0365302 0.0132012 0.0132012 0.0108499 0.0621628 0.0245286 0.0132012 0.0108499 0.0245286 0.0108499 0.0108499 0.0125245 
0.35 0.904471 0.176128 0.176128 0.0585238 0.176128 0.0348738 0.0585238 0.0219337 0.176128 0.0348738 0.0348738 0.0120014 0.0585238 0.0120014 0.0219337 0.00904825 0.176128 0.0585238 0.0348738 0.0219337 0.0348738 0.0120014 0.0120014 0.00904825 0.0585238 0.0219337 0.0120014 0.00904825 0.0219337 0.00904825 0.00904825 0.00930403 
0.4 -0.909296 -0.172896 -0.172896 -0.0552425 -0.172896 -0.0333539 -0.0552425 -0.0197414 -0.172896 -0.0333539 -0.0333539 -0.0109755 -0.0552425 -0.0109755 -0.0197414 -0.00765629 -0.172896 -0.0552425 -0.0333539 -0.0197414 -0.0333539 -0.0109755 -0.0109755 -0.00765629 -0.0552425 -0.0197414 -0.0109755 -0.00765629 -0.0197414 -0.00765629 -0.00765629 -0.00709552 
0.45 -0.913656 -0.169777 -0.169777 -0.0522634 -0.169777 -0.0319503 -0.0522634 -0.0178637 -0.169777 -0.0319503 -0.0319503 -0.010085 -0.0522634 -0.010085 -0.0178637 -0.00655284 -0.169777 -0.0522634 -0.0319503 -0.0178637 -0.0319503 -0.010085 -0.010085 -0.00655284 -0.0522634 -0.0178637 -0.010085 -0.00655284 -0.0178637 -0.00655284 -0.00655284 -0.00552599 
0.5 -0.91763 -0.166766 -0.166766 -0.049544 -0.166766 -0.0306476 -0.049544 -0.0162388 -0.166766 -0.0306476 -0.0306476 -0.00930331 -0.049544 -0.00930331 -0.0162388 -0.00566087 -0.166766 -0.049544 -0.0306476 -0.0162388 -0.0306476 -0.00930331 -0.00930331 -0.00566087 -0.049544 -0.0162388 -0.00930331 -0.00566087 -0.0162388 -0.00566087 -0.00566087 -0.00437861 
0.55 -0.921276 -0.163858 -0.163858 -0.0470505 -0.163858 -0.0294338 -0.0470505 -0.0148207 -0.163858 -0.0294338 -0.0294338 -0.00861113 -0.0470505 -0.00861113 -0.0148207 -0.00492866 -0.163858 -0.0470505 -0.0294338 -0.0148207 -0.0294338 -0.00861113 -0.00861113 -0.00492866 -0.0470505 -0.0148207 -0.00861113 -0.00492866 -0.0148207 -0.00492866 -0.00492866 -0.00352027 
0.6 0.924639 0.161048 0.161048 0.0447556 0.161048 0.0282992 0.0447556 0.0135745 0.161048 0.0282992 0.0282992 0.00799389 0.0447556 0.00799389 0.0135745 0.00432002 0.161048 0.0447556 0.0282992 0.0135745 0.0282992 0.00799389 0.00799389 0.00432002 0.0447556 0.0135745 0.00799389 0.00432002 0.0135745 0.00432002 0.00432002 0.00286567 
0.65 -0.927753 -0.158331 -0.158331 -0.0426362 -0.158331 -0.0272356 -0.0426362 -0.0124727 -0.158331 -0.0272356 -0.0272356 -0.00744021 -0.0426362 -0.00744021 -0.0124727 -0.00380876 -0.158331 -0.0426362 -0.0272356 -0.0124727 -0.0272356 -0.00744021 -0.00744021 -0.00380876 -0.0426362 -0.0124727 -0.00744021 -0.00380876 -0.0124727 -0.00380876 -0.00380876 -0.00235821 
0.7 0.930649 0.155703 0.155703 0.0406733 0.155703 0.0262362 0.0406733 0.0114936 0.155703 0.0262362 0.0262362 0.00694108 0.0406733 0.00694108 0.0114936 0.00337545 0.155703 0.0406733 0.0262362 0.0114936 0.0262362 0.00694108 0.00694108 0.00337545 0.0406733 0.0114936 0.00694108 0.00337545 0.0114936 0.00337545 0.00337545 0.00195921 
0.75 0.93335 0.15316 0.15316 0.0388506 0.15316 0.0252951 0.0388506 0.0106194 0.15316 0.0252951 0.0252951 0.00648917 0.0388506 0.00648917 0.0106194 0.00300535 0.15316 0.0388506 0.0252951 0.0106194 0.0252951 0.00648917 0.00648917 0.00300535 0.0388506 0.0106194 0.00648917 0.00300535 0.0106194 0.00300535 0.00300535 0.00164158 
0.8 -0.935876 -0.150697 -0.150697 -0.0371539 -0.150697 -0.0244074 -0.0371539 -0.00983561 -0.150697 -0.0244074 -0.0244074 -0.00607844 -0.0371539 -0.00607844 -0.00983561 -0.00268708 -0.150697 -0.0371539 -0.0244074 -0.00983561 -0.0244074 -0.00607844 -0.00607844 -0.00268708 -0.0371539 -0.00983561 -0.00607844 -0.00268708 -0.00983561 -0.00268708 -0.00268708 -0.00138595 
0.85 -0.938246 -0.148311 -0.148311 -0.035571 -0.148311 -0.0235684 -0.035571 -0.00913031 -0.148311 -0.0235684 -0.0235684 -0.00570388 -0.035571 -0.00570388 -0.00913031 -0.0024117 -0.148311 -0.035571 -0.0235684 -0.00913031 -0.0235684 -0.00570388 -0.00570388 -0.0024117 -0.035571 -0.00913031 -0.00570388 -0.0024117 -0.00913031 -0.0024117 -0.0024117 -0.00117819 
0.9 0.940472 0.145999 0.145999 0.0340915 0.145999 0.0227743 0.0340915 0.00849342 0.145999 0.0227743 0.0227743 0.00536125 0.0340915 0.00536125 0.00849342 0.00217215 0.145999 0.0340915 0.0227743 0.00849342 0.0227743 0.00536125 0.00536125 0.00217215 0.0340915 0.00849342 0.00536125 0.00217215 0.00849342 0.00217215 0.00217215 0.00100784 
0.95 0.94257 0.143756 0.143756 0.0327059 0.143756 0.0220217 0.0327059 0.00791648 0.143756 0.0220217 0.0220217 0.00504697 0.0327059 0.00504697 0.00791648 0.00196272 0.143756 0.0327059 0.0220217 0.00791648 0.0220217 0.00504697 0.00504697 0.00196272 0.0327059 0.00791648 0.00504697 0.00196272 0.00791648 0.00196272 0.00196272 0.000867068 
1 0.944548 0.14158 0.14158 0.0314061 0.14158 0.0213074 0.0314061 0.00739232 0.14158 0.0213074 0.0213074 0.00475796 0.0314061 0.00475796 0.00739232 0.0017788 0.14158 0.0314061 0.0213074 0.00739232 0.0213074 0.00475796 0.00475796 0.0017788 0.0314061 0.00739232 0.00475796 0.0017788 0.00739232 0.0017788 0.0017788 0.000749879 
