0.299348 -0.953659 5.4289 0.29073 -1
0.304734 -0.95189 5.28941 0.30643 -0.95
0.310349 -0.95 5.14643 0.3237 -0.9
0.31621 -0.94798 4.99934 0.34287 -0.85
0.322341 -0.945812 4.84753 0.3644 -0.8
0.328766 -0.943481 4.69007 0.38899 -0.75
0.33551 -0.940962 4.52566 0.41766 -0.7
0.342609 -0.938231 4.3524 0.45204 -0.65
0.3501 -0.935258 4.16746 0.49467 -0.6
0.35803 -0.931999 3.96644 0.54961 -0.55
0.366456 -0.928406 3.74287 0.62296 -0.5
0.37545 -0.924412 3.48848 0.72263 -0.45
0.385105 -0.919926 3.19605 0.85544 -0.4
0.395545 -0.914815 2.86444 0.99079 -0.35
0.406943 -0.908872 2.49985 1.10308 -0.3
0.419569 -0.901743 2.11161 1.2571 -0.25
0.433875 -0.892716 1.7081 1.4373 -0.2
0.450766 -0.879994 1.2959 1.63259 -0.15
0.472562 -0.857182 0.88132 1.83492 -0.1
0.508079 -0.782399 0.47821 2.03449 -0.05
0.575572 0 0.2121 2.16704 3.19189e-16
0.508079 0.782399 0.47821 2.03449 0.05
0.472562 0.857182 0.88132 1.83492 0.1
0.450766 0.879994 1.2959 1.63259 0.15
0.433875 0.892716 1.7081 1.4373 0.2
0.419569 0.901743 2.11161 1.2571 0.25
0.406943 0.908872 2.49985 1.10308 0.3
0.395545 0.914815 2.86444 0.99079 0.35
0.385105 0.919926 3.19605 0.85544 0.4
0.37545 0.924412 3.48848 0.72263 0.45
0.366456 0.928406 3.74287 0.62296 0.5
0.35803 0.931999 3.96644 0.54961 0.55
0.3501 0.935258 4.16746 0.49467 0.6
0.342609 0.938231 4.3524 0.45204 0.65
0.33551 0.940962 4.52566 0.41766 0.7
0.328766 0.943481 4.69007 0.38899 0.75
0.322341 0.945812 4.84753 0.3644 0.8
0.31621 0.94798 4.99934 0.34287 0.85
0.310349 0.95 5.14643 0.3237 0.9
0.304734 0.95189 5.28941 0.30643 0.95
0.299348 0.953659 5.4289 0.29073 1
