0.05 -0.70683 -0.008837 -0.008837 -0.000227859 -0.008837 -0.000113258 -0.000227859 -0.000227859 -0.008837 -0.000113258 -0.000113258 -0.000113258 -0.000227859 -0.000113258 -0.000227859 -0.008837 -0.008837 -0.000227859 -0.000113258 -0.000227859 -0.000113258 -0.000113258 -0.000113258 -0.008837 -0.000227859 -0.000227859 -0.000113258 -0.008837 -0.000227859 -0.008837 -0.008837 -0.70683 
0.1 -0.705999 -0.0176649 -0.0176649 -0.000938856 -0.0176649 -0.000464238 -0.000938856 -0.000938856 -0.0176649 -0.000464238 -0.000464238 -0.000464238 -0.000938856 -0.000464238 -0.000938856 -0.0176649 -0.0176649 -0.000938856 -0.000464238 -0.000938856 -0.000464238 -0.000464238 -0.000464238 -0.0176649 -0.000938856 -0.000938856 -0.000464238 -0.0176649 -0.000938856 -0.0176649 -0.0176649 -0.705999 
0.15 0.704603 0.0264793 0.0264793 0.00217379 0.0264793 0.00107009 0.00217379 0.00217379 0.0264793 0.00107009 0.00107009 0.00107009 0.00217379 0.00107009 0.00217379 0.0264793 0.0264793 0.00217379 0.00107009 0.00217379 0.00107009 0.00107009 0.00107009 0.0264793 0.00217379 0.00217379 0.00107009 0.0264793 0.00217379 0.0264793 0.0264793 0.704603 
0.2 -0.702623 -0.0352804 -0.0352804 -0.00397288 -0.0352804 -0.00194854 -0.00397288 -0.00397288 -0.0352804 -0.00194854 -0.00194854 -0.00194854 -0.00397288 -0.00194854 -0.00397288 -0.0352804 -0.0352804 -0.00397288 -0.00194854 -0.00397288 -0.00194854 -0.00194854 -0.00194854 -0.0352804 -0.00397288 -0.00397288 -0.00194854 -0.0352804 -0.00397288 -0.0352804 -0.0352804 -0.702623 
0.25 -0.700026 -0.0440712 -0.0440712 -0.00637525 -0.0440712 -0.00311788 -0.00637525 -0.00637525 -0.0440712 -0.00311788 -0.00311788 -0.00311788 -0.00637525 -0.00311788 -0.00637525 -0.0440712 -0.0440712 -0.00637525 -0.00311788 -0.00637525 -0.00311788 -0.00311788 -0.00311788 -0.0440712 -0.00637525 -0.00637525 -0.00311788 -0.0440712 -0.00637525 -0.0440712 -0.0440712 -0.700026 
0.3 -0.696765 -0.052856 -0.052856 -0.00941793 -0.052856 -0.00459675 -0.00941793 -0.00941793 -0.052856 -0.00459675 -0.00459675 -0.00459675 -0.00941793 -0.00459675 -0.00941793 -0.052856 -0.052856 -0.00941793 -0.00459675 -0.00941793 -0.00459675 -0.00459675 -0.00459675 -0.052856 -0.00941793 -0.00941793 -0.00459675 -0.052856 -0.00941793 -0.052856 -0.052856 -0.696765 
0.35 -0.692774 -0.0616376 -0.0616376 -0.0131341 -0.0616376 -0.00640359 -0.0131341 -0.0131341 -0.0616376 -0.00640359 -0.00640359 -0.00640359 -0.0131341 -0.00640359 -0.0131341 -0.0616376 -0.0616376 -0.0131341 -0.00640359 -0.0131341 -0.00640359 -0.00640359 -0.00640359 -0.0616376 -0.0131341 -0.0131341 -0.00640359 -0.0616376 -0.0131341 -0.0616376 -0.0616376 -0.692774 
0.4 -0.68797 -0.0704147 -0.0704147 -0.0175504 -0.0704147 -0.00855563 -0.0175504 -0.0175504 -0.0704147 -0.00855563 -0.00855563 -0.00855563 -0.0175504 -0.00855563 -0.0175504 -0.0704147 -0.0704147 -0.0175504 -0.00855563 -0.0175504 -0.00855563 -0.00855563 -0.00855563 -0.0704147 -0.0175504 -0.0175504 -0.00855563 -0.0704147 -0.0175504 -0.0704147 -0.0704147 -0.68797 
0.45 -0.682253 -0.0791785 -0.0791785 -0.0226832 -0.0791785 -0.0110673 -0.0226832 -0.0226832 -0.0791785 -0.0110673 -0.0110673 -0.0110673 -0.0226832 -0.0110673 -0.0226832 -0.0791785 -0.0791785 -0.0226832 -0.0110673 -0.0226832 -0.0110673 -0.0110673 -0.0110673 -0.0791785 -0.0226832 -0.0226832 -0.0110673 -0.0791785 -0.0226832 -0.0791785 -0.0791785 -0.682253 
0.5 -0.675512 -0.0879092 -0.0879092 -0.0285334 -0.0879092 -0.0139483 -0.0285334 -0.0285334 -0.0879092 -0.0139483 -0.0139483 -0.0139483 -0.0285334 -0.0139483 -0.0285334 -0.0879092 -0.0879092 -0.0285334 -0.0139483 -0.0285334 -0.0139483 -0.0139483 -0.0139483 -0.0879092 -0.0285334 -0.0285334 -0.0139483 -0.0879092 -0.0285334 -0.0879092 -0.0879092 -0.675512 
0.55 -0.667634 -0.0965733 -0.0965733 -0.0350814 -0.0965733 -0.0172005 -0.0350814 -0.0350814 -0.0965733 -0.0172005 -0.0172005 -0.0172005 -0.0350814 -0.0172005 -0.0350814 -0.0965733 -0.0965733 -0.0350814 -0.0172005 -0.0350814 -0.0172005 -0.0172005 -0.0172005 -0.0965733 -0.0350814 -0.0350814 -0.0172005 -0.0965733 -0.0350814 -0.0965733 -0.0965733 -0.667634 
0.6 -0.658516 -0.105121 -0.105121 -0.0422807 -0.105121 -0.0208154 -0.0422807 -0.0422807 -0.105121 -0.0208154 -0.0208154 -0.0208154 -0.0422807 -0.0208154 -0.0422807 -0.105121 -0.105121 -0.0422807 -0.0208154 -0.0422807 -0.0208154 -0.0208154 -0.0208154 -0.105121 -0.0422807 -0.0422807 -0.0208154 -0.105121 -0.0422807 -0.105121 -0.105121 -0.658516 
0.65 0.648082 0.113485 0.113485 0.0500542 0.113485 0.0247714 0.0500542 0.0500542 0.113485 0.0247714 0.0247714 0.0247714 0.0500542 0.0247714 0.0500542 0.113485 0.113485 0.0500542 0.0247714 0.0500542 0.0247714 0.0247714 0.0247714 0.113485 0.0500542 0.0500542 0.0247714 0.113485 0.0500542 0.113485 0.113485 0.648082 
0.7 -0.636301 -0.121587 -0.121587 -0.0582918 -0.121587 -0.0290318 -0.0582918 -0.0582918 -0.121587 -0.0290318 -0.0290318 -0.0290318 -0.0582918 -0.0290318 -0.0582918 -0.121587 -0.121587 -0.0582918 -0.0290318 -0.0582918 -0.0290318 -0.0290318 -0.0290318 -0.121587 -0.0582918 -0.0582918 -0.0290318 -0.121587 -0.0582918 -0.121587 -0.121587 -0.636301 
0.75 0.623207 0.129337 0.129337 0.0668537 0.129337 0.0335445 0.0668537 0.0668537 0.129337 0.0335445 0.0335445 0.0335445 0.0668537 0.0335445 0.0668537 0.129337 0.129337 0.0668537 0.0335445 0.0668537 0.0335445 0.0335445 0.0335445 0.129337 0.0668537 0.0668537 0.0335445 0.129337 0.0668537 0.129337 0.129337 0.623207 
0.8 -0.608906 -0.136645 -0.136645 -0.0755777 -0.136645 -0.0382445 -0.0755777 -0.0755777 -0.136645 -0.0382445 -0.0382445 -0.0382445 -0.0755777 -0.0382445 -0.0755777 -0.136645 -0.136645 -0.0755777 -0.0382445 -0.0755777 -0.0382445 -0.0382445 -0.0382445 -0.136645 -0.0755777 -0.0755777 -0.0382445 -0.136645 -0.0755777 -0.136645 -0.136645 -0.608906 
0.85 -0.593581 -0.143434 -0.143434 -0.0842918 -0.143434 -0.0430581 -0.0842918 -0.0842918 -0.143434 -0.0430581 -0.0430581 -0.0430581 -0.0842918 -0.0430581 -0.0842918 -0.143434 -0.143434 -0.0842918 -0.0430581 -0.0842918 -0.0430581 -0.0430581 -0.0430581 -0.143434 -0.0842918 -0.0842918 -0.0430581 -0.143434 -0.0842918 -0.143434 -0.143434 -0.593581 
0.9 -0.577474 -0.14964 -0.14964 -0.0928292 -0.14964 -0.0479086 -0.0928292 -0.0928292 -0.14964 -0.0479086 -0.0479086 -0.0479086 -0.0928292 -0.0479086 -0.0928292 -0.14964 -0.14964 -0.0928292 -0.0479086 -0.0928292 -0.0479086 -0.0479086 -0.0479086 -0.14964 -0.0928292 -0.0928292 -0.0479086 -0.14964 -0.0928292 -0.14964 -0.14964 -0.577474 
0.95 -0.56087 -0.155228 -0.155228 -0.101042 -0.155228 -0.0527233 -0.101042 -0.101042 -0.155228 -0.0527233 -0.0527233 -0.0527233 -0.101042 -0.0527233 -0.101042 -0.155228 -0.155228 -0.101042 -0.0527233 -0.101042 -0.0527233 -0.0527233 -0.0527233 -0.155228 -0.101042 -0.101042 -0.0527233 -0.155228 -0.101042 -0.155228 -0.155228 -0.56087 
1 -0.544063 -0.160187 -0.160187 -0.108813 -0.160187 -0.0574382 -0.108813 -0.108813 -0.160187 -0.0574382 -0.0574382 -0.0574382 -0.108813 -0.0574382 -0.108813 -0.160187 -0.160187 -0.108813 -0.0574382 -0.108813 -0.0574382 -0.0574382 -0.0574382 -0.160187 -0.108813 -0.108813 -0.0574382 -0.160187 -0.108813 -0.160187 -0.160187 -0.544063 
1.05 0.527333 0.16453 0.16453 0.116058 0.16453 0.0620023 0.116058 0.116058 0.16453 0.0620023 0.0620023 0.0620023 0.116058 0.0620023 0.116058 0.16453 0.16453 0.116058 0.0620023 0.116058 0.0620023 0.0620023 0.0620023 0.16453 0.116058 0.116058 0.0620023 0.16453 0.116058 0.16453 0.16453 0.527333 
1.1 -0.510924 -0.168293 -0.168293 -0.122731 -0.168293 -0.0663783 -0.122731 -0.122731 -0.168293 -0.0663783 -0.0663783 -0.0663783 -0.122731 -0.0663783 -0.122731 -0.168293 -0.168293 -0.122731 -0.0663783 -0.122731 -0.0663783 -0.0663783 -0.0663783 -0.168293 -0.122731 -0.122731 -0.0663783 -0.168293 -0.122731 -0.168293 -0.168293 -0.510924 
1.15 -0.49503 -0.171521 -0.171521 -0.128815 -0.171521 -0.0705428 -0.128815 -0.128815 -0.171521 -0.0705428 -0.0705428 -0.0705428 -0.128815 -0.0705428 -0.128815 -0.171521 -0.171521 -0.128815 -0.0705428 -0.128815 -0.0705428 -0.0705428 -0.0705428 -0.171521 -0.128815 -0.128815 -0.0705428 -0.171521 -0.128815 -0.171521 -0.171521 -0.49503 
1.2 -0.479794 -0.174271 -0.174271 -0.134318 -0.174271 -0.0744836 -0.134318 -0.134318 -0.174271 -0.0744836 -0.0744836 -0.0744836 -0.134318 -0.0744836 -0.134318 -0.174271 -0.174271 -0.134318 -0.0744836 -0.134318 -0.0744836 -0.0744836 -0.0744836 -0.174271 -0.134318 -0.134318 -0.0744836 -0.174271 -0.134318 -0.174271 -0.174271 -0.479794 
1.25 0.465311 0.176599 0.176599 0.139266 0.176599 0.0781981 0.139266 0.139266 0.176599 0.0781981 0.0781981 0.0781981 0.139266 0.0781981 0.139266 0.176599 0.176599 0.139266 0.0781981 0.139266 0.0781981 0.0781981 0.0781981 0.176599 0.139266 0.139266 0.0781981 0.176599 0.139266 0.176599 0.176599 0.465311 
1.3 0.451632 0.178561 0.178561 0.143696 0.178561 0.0816902 0.143696 0.143696 0.178561 0.0816902 0.0816902 0.0816902 0.143696 0.0816902 0.143696 0.178561 0.178561 0.143696 0.0816902 0.143696 0.0816902 0.0816902 0.0816902 0.178561 0.143696 0.143696 0.0816902 0.178561 0.143696 0.178561 0.178561 0.451632 
1.35 0.438776 0.180208 0.180208 0.14765 0.180208 0.0849686 0.14765 0.14765 0.180208 0.0849686 0.0849686 0.0849686 0.14765 0.0849686 0.14765 0.180208 0.180208 0.14765 0.0849686 0.14765 0.0849686 0.0849686 0.0849686 0.180208 0.14765 0.14765 0.0849686 0.180208 0.14765 0.180208 0.180208 0.438776 
1.4 0.426736 0.181587 0.181587 0.151174 0.181587 0.0880445 0.151174 0.151174 0.181587 0.0880445 0.0880445 0.0880445 0.151174 0.0880445 0.151174 0.181587 0.181587 0.151174 0.0880445 0.151174 0.0880445 0.0880445 0.0880445 0.181587 0.151174 0.151174 0.0880445 0.181587 0.151174 0.181587 0.181587 0.426736 
1.45 0.415487 0.182739 0.182739 0.154311 0.182739 0.0909306 0.154311 0.154311 0.182739 0.0909306 0.0909306 0.0909306 0.154311 0.0909306 0.154311 0.182739 0.182739 0.154311 0.0909306 0.154311 0.0909306 0.0909306 0.0909306 0.182739 0.154311 0.154311 0.0909306 0.182739 0.154311 0.182739 0.182739 0.415487 
1.5 0.404994 0.1837 0.1837 0.157105 0.1837 0.0936403 0.157105 0.157105 0.1837 0.0936403 0.0936403 0.0936403 0.157105 0.0936403 0.157105 0.1837 0.1837 0.157105 0.0936403 0.157105 0.0936403 0.0936403 0.0936403 0.1837 0.157105 0.157105 0.0936403 0.1837 0.157105 0.1837 0.1837 0.404994 
