0.05 -1.76575e-07 -1.52824e-06 -4.81685e-07 -2.93961e-05 -5.77136e-07 -1.36911e-05 -1.55609e-05 -0.000952224 -3.00277e-07 -5.41057e-06 -3.15452e-06 -0.000192981 -1.10312e-05 -0.000262362 -0.000298401 -0.0182602 -9.67487e-07 -1.34202e-05 -5.76203e-06 -0.000352301 -9.82982e-06 -0.0002337 -0.00026575 -0.0162622 -1.63625e-05 -0.000295658 -0.000172555 -0.0105563 -0.000603751 -0.0143595 -0.0163319 -0.999408 
0.1 -0.997573 -0.0252971 -0.0306779 -0.00175203 -0.0371551 -0.000945269 -0.00349505 -0.000327917 -0.0278885 -0.000707238 -0.000862496 -4.98557e-05 -0.00288163 -7.39571e-05 -0.00048351 -6.61346e-05 -0.0327646 -0.000830869 -0.0010077 -5.75796e-05 -0.00122647 -3.12225e-05 -0.000118612 -1.19167e-05 -0.00231522 -5.87395e-05 -7.44179e-05 -5.06002e-06 -0.000495879 -1.35363e-05 -0.000205006 -5.54808e-05 
0.15 0.993663 0.0459128 0.0331048 0.00315751 0.0478448 0.00221659 0.00338293 0.000473652 0.0728036 0.00336463 0.00245375 0.00024357 0.015094 0.000711343 0.00186101 0.00051609 0.03835 0.001772 0.00127797 0.000122049 0.00190028 8.81712e-05 0.000140316 2.25673e-05 0.00859288 0.000397389 0.000296237 3.28954e-05 0.0033927 0.000163241 0.000528085 0.000206 
0.2 -0.923714 -0.354387 -0.0468932 -0.100152 -0.0499401 -0.020811 -0.0068248 -0.0432111 -0.0334475 -0.0128395 -0.0017051 -0.00371742 -0.00319598 -0.00142133 -0.000579725 -0.0046105 -0.048497 -0.0186063 -0.0024621 -0.00525983 -0.00262506 -0.00109484 -0.000359958 -0.00228976 -0.00306798 -0.00117897 -0.000157353 -0.000354987 -0.00035359 -0.000170076 -8.10717e-05 -0.000765941 
0.25 0.969313 0.212799 0.043922 0.023398 0.0508541 0.0112131 0.00379124 0.00272263 0.0490125 0.0107603 0.00222305 0.00118682 0.00436807 0.000966182 0.000361583 0.000292654 0.0833322 0.0182945 0.00377603 0.00201165 0.00438242 0.000966367 0.000327158 0.000235637 0.00852243 0.00187116 0.000386974 0.000207359 0.000925373 0.000205481 8.18829e-05 7.44141e-05 
0.3 0.000222131 0.000498269 0.000349558 0.00305215 0.000206841 0.000844296 0.00147674 0.0132102 0.000289367 0.000868571 0.000802374 0.0071232 0.00128185 0.00536112 0.00947957 0.0848401 0.000712326 0.00182917 0.00142249 0.0125314 0.00111017 0.00460225 0.00809817 0.0724654 0.00326732 0.00990661 0.00920627 0.0817598 0.014828 0.0620347 0.109702 0.981814 
0.35 0.972413 0.147473 0.0574494 0.0167164 0.0741554 0.0112872 0.00707012 0.0025016 0.0790942 0.0119958 0.00468322 0.00136676 0.010935 0.00166918 0.00116438 0.000449603 0.125572 0.0190438 0.00741918 0.00215911 0.00965597 0.00146996 0.000924416 0.000328838 0.0231573 0.00351258 0.00137487 0.000403277 0.00409969 0.000627879 0.000468449 0.000195846 
0.4 -0.94871 -0.134182 -0.0901125 -0.0285465 -0.0771006 -0.011005 -0.012989 -0.00510263 -0.0740741 -0.0104783 -0.00706039 -0.00224624 -0.0100612 -0.00144545 -0.00194315 -0.000835119 -0.23848 -0.0337306 -0.0226573 -0.00718137 -0.0195654 -0.00279446 -0.00332595 -0.00132117 -0.0434926 -0.00615523 -0.00417263 -0.00134321 -0.00762749 -0.00110842 -0.00168387 -0.000820162 
0.45 -0.248431 -0.0308473 -0.0272001 -0.00810043 -0.0544574 -0.00773495 -0.021423 -0.0136217 -0.0693706 -0.0092071 -0.011478 -0.00594682 -0.10593 -0.0172499 -0.0657071 -0.0499278 -0.189904 -0.0243077 -0.0246198 -0.00998219 -0.0896648 -0.0141266 -0.0500236 -0.0370118 -0.315605 -0.0433525 -0.0613983 -0.0359025 -0.668161 -0.110384 -0.430219 -0.331261 
0.5 -0.00313018 -0.00294772 -0.00331515 -0.0121511 -0.00170402 -0.0028729 -0.00730974 -0.0286675 -0.00504121 -0.00584024 -0.0077992 -0.0296643 -0.0093736 -0.0166941 -0.0434402 -0.170907 -0.00547688 -0.00578161 -0.00700777 -0.0262582 -0.00465643 -0.00814004 -0.0209818 -0.0824726 -0.0263708 -0.0309955 -0.041708 -0.158932 -0.0508307 -0.0906924 -0.23611 -0.929048 
0.55 0.0433678 0.0286146 0.0125967 0.0401214 0.00775687 0.00931069 0.0115927 0.0520218 0.011423 0.0107788 0.00642696 0.0266312 0.0103662 0.0188515 0.0273753 0.130261 0.0631468 0.0483952 0.0233275 0.0847542 0.0167323 0.0253549 0.0343544 0.160269 0.0585061 0.0631677 0.0401893 0.174154 0.0692488 0.130583 0.191178 0.913108 
0.6 -0.410625 -0.504941 -0.0979036 -0.39345 -0.063469 -0.0935287 -0.0465637 -0.24657 -0.0500303 -0.0638065 -0.0137192 -0.0600151 -0.0171634 -0.0325038 -0.0226826 -0.134352 -0.16108 -0.202772 -0.0409692 -0.172254 -0.0279419 -0.0463126 -0.0271543 -0.154019 -0.0486405 -0.069769 -0.0188209 -0.0959368 -0.0313803 -0.0755161 -0.0626646 -0.390908 
0.65 -0.17116 -0.0386067 -0.0282757 -0.0177469 -0.0799194 -0.0219435 -0.0408565 -0.0424808 -0.113246 -0.0279772 -0.0261631 -0.0226416 -0.212492 -0.0631631 -0.131502 -0.147536 -0.105452 -0.0250386 -0.0205338 -0.0156979 -0.0866374 -0.0253197 -0.0511444 -0.0566993 -0.275574 -0.0700515 -0.0690779 -0.063292 -0.606704 -0.182496 -0.3841 -0.435665 
0.7 0.879359 0.324483 0.118243 0.0898563 0.111509 0.0417766 0.0240191 0.0216643 0.194788 0.0719722 0.0264665 0.0203822 0.0445429 0.0169632 0.0111289 0.0111507 0.159907 0.0590162 0.0215197 0.016377 0.0207349 0.0077831 0.00452959 0.00414459 0.0751357 0.0277973 0.010278 0.00800063 0.0196263 0.00754279 0.00517167 0.00543018 
0.75 -0.50979 -0.231842 -0.170803 -0.257505 -0.0867726 -0.0473062 -0.0706237 -0.138718 -0.0762726 -0.0359878 -0.0279594 -0.0456736 -0.025613 -0.0173453 -0.0313495 -0.0716576 -0.471975 -0.21813 -0.16267 -0.253135 -0.0854062 -0.0498399 -0.0784848 -0.164299 -0.154708 -0.0772944 -0.063774 -0.114489 -0.0707978 -0.0554227 -0.107737 -0.263139 
0.8 0.701178 0.291177 0.122175 0.116267 0.177034 0.0821938 0.0686227 0.0991023 0.2897 0.12579 0.0577361 0.0666232 0.203684 0.108053 0.109607 0.192474 0.157607 0.0663295 0.0283526 0.0286074 0.0470854 0.0231696 0.0209082 0.0335589 0.165658 0.0744496 0.0357893 0.0457483 0.14622 0.0817264 0.0863639 0.16029 
0.85 -0.00661623 -0.0131204 -0.00700388 -0.0306702 -0.0081748 -0.0196075 -0.0205369 -0.0933266 -0.00821299 -0.0174798 -0.0109375 -0.0487821 -0.0236565 -0.0577006 -0.0617866 -0.281383 -0.00830423 -0.0169897 -0.00961565 -0.0424699 -0.0129489 -0.0313541 -0.0332035 -0.151083 -0.0245582 -0.0526794 -0.0333867 -0.149145 -0.0735914 -0.179734 -0.192712 -0.877797 
0.9 0.142904 0.161107 0.0353889 0.0929217 0.0301403 0.0385936 0.0178092 0.059883 0.118551 0.139192 0.0335949 0.0963593 0.0574829 0.0815669 0.0458938 0.166627 0.153855 0.177181 0.0403575 0.110683 0.0397058 0.0537042 0.0273967 0.0965097 0.335372 0.398674 0.0982554 0.287639 0.176657 0.254896 0.146591 0.537421 
0.95 0.504542 0.351261 0.290006 0.553765 0.104907 0.0853781 0.129495 0.278862 0.0936614 0.066116 0.056142 0.10898 0.0335506 0.0295106 0.0496895 0.111081 0.131787 0.0919673 0.0761544 0.145805 0.0280699 0.0230972 0.0354732 0.0769048 0.042888 0.0307086 0.0266376 0.0525002 0.0180503 0.0166071 0.0291249 0.0664259 
1 0.667389 0.203729 0.165887 0.0989002 0.144457 0.0460896 0.065819 0.046743 0.253943 0.0783568 0.0667824 0.0417797 0.111755 0.0374008 0.0637335 0.0501962 0.35417 0.108599 0.0895616 0.0543927 0.0854434 0.0278065 0.0423408 0.0316363 0.336129 0.104664 0.0917584 0.0593976 0.175653 0.0601373 0.108168 0.0885579 
1.05 -0.314575 -0.316575 -0.20675 -0.501496 -0.065872 -0.0755447 -0.0873816 -0.231318 -0.0918399 -0.0950989 -0.0652829 -0.162421 -0.0372949 -0.0473788 -0.0632165 -0.174679 -0.166666 -0.16975 -0.112408 -0.275485 -0.0380863 -0.0453187 -0.0548452 -0.147931 -0.108354 -0.115545 -0.0823758 -0.209551 -0.0541621 -0.0724448 -0.101357 -0.285244 
1.1 0.0928692 0.112576 0.104776 0.27112 0.0477841 0.0708214 0.120002 0.328645 0.0415205 0.0538126 0.0558135 0.148351 0.0522477 0.08214 0.147732 0.409532 0.0452712 0.0563203 0.0541616 0.141722 0.0283509 0.0432232 0.0750897 0.207008 0.0485988 0.0651251 0.0702823 0.188857 0.0728721 0.116282 0.211385 0.587896 
1.15 0.643527 0.412974 0.16765 0.214458 0.19935 0.13661 0.0968806 0.149181 0.171769 0.111527 0.0470952 0.0626328 0.0982792 0.0701981 0.0554181 0.0910761 0.258958 0.166748 0.0681457 0.0880381 0.0847551 0.0587738 0.0427137 0.0671771 0.13215 0.0867971 0.0376473 0.0516677 0.0899312 0.0658447 0.0541945 0.0920264 
1.2 -0.652847 -0.311704 -0.168623 -0.152309 -0.251345 -0.127692 -0.12107 -0.131511 -0.187703 -0.0907729 -0.0515603 -0.0487398 -0.138981 -0.0731147 -0.0762634 -0.0878857 -0.294193 -0.141008 -0.0769766 -0.0703974 -0.121671 -0.062529 -0.0607956 -0.0674931 -0.164485 -0.080463 -0.0471315 -0.0460643 -0.146094 -0.0783526 -0.0846221 -0.100318 
1.25 -0.555736 -0.223067 -0.353644 -0.294806 -0.141169 -0.0621577 -0.168582 -0.15376 -0.191441 -0.078143 -0.129431 -0.110436 -0.0874817 -0.0408358 -0.12455 -0.11822 -0.252062 -0.101716 -0.162842 -0.136764 -0.068166 -0.0305362 -0.0853236 -0.078947 -0.170434 -0.0704992 -0.119841 -0.103964 -0.0897371 -0.0430174 -0.136072 -0.131353 
1.3 -0.0777291 -0.0486188 -0.0674326 -0.0876142 -0.0737869 -0.0540627 -0.130736 -0.181902 -0.0402322 -0.0266045 -0.0412232 -0.0553528 -0.0788232 -0.0595589 -0.149227 -0.209833 -0.101218 -0.0643745 -0.0916071 -0.120301 -0.10804 -0.0801146 -0.195965 -0.273916 -0.104107 -0.0699108 -0.110839 -0.149965 -0.222348 -0.168976 -0.425451 -0.599498 
1.35 -0.125487 -0.138674 -0.0737374 -0.163142 -0.108404 -0.136465 -0.130809 -0.315431 -0.072451 -0.0838717 -0.05011 -0.115267 -0.128134 -0.166411 -0.167251 -0.408785 -0.0692686 -0.0778095 -0.0427088 -0.0958376 -0.0684465 -0.0874001 -0.0853197 -0.207115 -0.0826652 -0.0973392 -0.0599639 -0.139506 -0.161831 -0.211898 -0.214855 -0.527009 
1.4 -0.471438 -0.489116 -0.190897 -0.374847 -0.164277 -0.1829 -0.121597 -0.265992 -0.118561 -0.124018 -0.0499719 -0.0997077 -0.0670513 -0.0766241 -0.054913 -0.123121 -0.178511 -0.185493 -0.0726787 -0.143104 -0.0639156 -0.0714881 -0.0480408 -0.105598 -0.0727644 -0.0765612 -0.0313803 -0.0632427 -0.0459672 -0.0531831 -0.0391252 -0.0886736 
1.45 -0.564951 -0.245839 -0.189997 -0.143603 -0.169846 -0.0767085 -0.0939456 -0.0784771 -0.17553 -0.0767876 -0.0609288 -0.0468056 -0.0865158 -0.0398292 -0.0530312 -0.0458314 -0.462312 -0.201472 -0.156419 -0.118705 -0.144727 -0.0656723 -0.0817601 -0.0689305 -0.254551 -0.111759 -0.0898672 -0.0697198 -0.139596 -0.0648088 -0.0886056 -0.0776183 
1.5 -0.535597 -0.504994 -0.17495 -0.288373 -0.176162 -0.173308 -0.0952175 -0.173702 -0.165277 -0.156702 -0.0556932 -0.0931589 -0.087566 -0.0877571 -0.0518691 -0.0972947 -0.206303 -0.194725 -0.0676721 -0.111826 -0.0698509 -0.0689503 -0.0382869 -0.0702268 -0.10424 -0.099171 -0.0356538 -0.0601122 -0.0605849 -0.0611829 -0.0369562 -0.070045 
