-2.12307e-12 -0.962685
-2.01692e-12 -0.96231
-1.91076e-12 -0.96188
-1.80461e-12 -0.96138
-1.69846e-12 -0.960793
-1.5923e-12 -0.960095
-1.48615e-12 -0.959254
-1.38e-12 -0.958226
-1.27384e-12 -0.956947
-1.16769e-12 -0.955323
-1.06154e-12 -0.953214
-9.55382e-13 -0.950402
-8.49229e-13 -0.946529
-7.43075e-13 -0.940984
-6.36922e-13 -0.93265
-5.30768e-13 -0.919329
-4.24614e-13 -0.896262
-3.18461e-13 -0.851858
-2.12307e-13 -0.754133
-1.06154e-13 -0.51221
1.10488e-27 -3.27005e-13
1.06154e-13 0.51221
2.12307e-13 0.754133
3.18461e-13 0.851858
4.24614e-13 0.896262
5.30768e-13 0.919329
6.36922e-13 0.93265
7.43075e-13 0.940984
8.49229e-13 0.946529
9.55382e-13 0.950402
1.06154e-12 0.953214
1.16769e-12 0.955323
1.27384e-12 0.956947
1.38e-12 0.958226
1.48615e-12 0.959254
1.5923e-12 0.960095
1.69846e-12 0.960793
1.80461e-12 0.96138
1.91076e-12 0.96188
2.01692e-12 0.96231
2.12307e-12 0.962685
