1 0.9327015904754531
2 0.8683528716970998
3 0.8218408239353369
4 0.7875076802836116
5 0.761153273682953
6 0.7397248332892645
7 0.7221386778856479
8 0.7067957383837569
9 0.6938382854862705
10 0.68188003600053
11 0.6717599409201276
12 0.6618895000025901
13 0.6537029450668032
14 0.6452033538164527
15 0.6384364941744857
16 0.6308740096319971
17 0.6251928249473766
18 0.6182829856423125
19 0.6134886541088365
20 0.6070213778392219
21 0.602984588824913
22 0.5968111146472197
23 0.5934432112020555
24 0.5874543880721884
25 0.584677922036147
26 0.5787307868629433
27 0.5765346779322413
28 0.5705239831323072
29 0.5688634386803475
30 0.5627554389970614
31 0.5616704729004538
32 0.5553415853027462
33 0.5548820941011356
34 0.5482020928897293
35 0.5483648669399791
36 0.5412088493532765
37 0.541962613820313
38 0.5345838759807817
39 0.5355976142214821
40 0.5282440115509363
41 0.5292479500011785
42 0.5220117666680665
43 0.5229198844329211
44 0.515808352874234
45 0.5166238968739886
46 0.5096261950952292
47 0.5103880975876194
48 0.5034283332792162
49 0.5042322742614908
50 0.49723712094570427
51 0.49813623119542116
52 0.49102079211308247
53 0.49210549539543447
54 0.48481878244821025
55 0.48613822420234926
56 0.4787007878257273
57 0.4802318087538307
58 0.47266569630409316
59 0.47440663523581567
60 0.46669962911652163
61 0.46868248972463344
62 0.46083082044510737
63 0.4630571364629951
64 0.45503578907918374
65 0.45753488341695214
66 0.44934550933531076
67 0.4521066652672635
68 0.4437652777761612
69 0.44673694809163716
70 0.43828065889868534
71 0.4413996501502151
72 0.4328650945789623
73 0.43607756561735056
74 0.4275254052765402
75 0.43076821713056523
76 0.42224428984147666
77 0.4254685288185972
78 0.4169889870241992
79 0.42016979818456207
80 0.4117165804661965
81 0.4148426706638605
82 0.40635496262085513
83 0.40940780967335655
84 0.40083352097360414
85 0.4037914302147303
86 0.39507075535621605
87 0.3979013897961832
88 0.3889039710620032
89 0.39160396539469117
90 0.3821109494093564
91 0.38468963622789326
92 0.37433625877262633
93 0.3767935584533864
94 0.3648611972000254
95 0.3672077539541198
96 0.3519217791835275
97 0.3541542976648437
98 0.32379431144774934
99 0.3258382283275933
