1 0.1989718574891889
2 0.04433019572173124
3 0.010712257121272575
4 0.0027055783966363767
5 0.0006970855208527847
6 0.00018109535746300536
7 4.7202143355610585e-5
8 1.2318740038838616e-5
9 3.216399019138191e-6
10 8.399176591699631e-7
11 2.193392498699326e-7
12 5.7278535448870195e-8
13 1.4957499571174704e-8
14 3.9058691212791104e-9
15 1.0199275369081805e-9
16 2.663271318975852e-10
17 6.954362085661017e-11
18 1.815917195375457e-11
19 4.741682279551614e-12
20 1.2381325477381307e-12
21 3.2329617215719113e-13
22 8.441761060901685e-14
23 2.204270370569608e-14
24 5.7556737751952155e-15
25 1.5028896977728436e-15
26 3.924260027548222e-16
27 1.0246799633058926e-16
28 2.6755838741911072e-17
29 6.98632498833726e-18
30 1.824227192514278e-18
31 4.763311714646057e-19
32 1.2437670434521777e-19
33 3.2476487263852803e-20
34 8.480062203816883e-21
35 2.214261971997858e-21
36 5.78174538882703e-22
37 1.5096939129918564e-22
38 3.942020249671182e-23
39 1.0293161323736185e-23
40 2.687687178275388e-24
41 7.017923671877962e-25
42 1.8324771917591616e-25
43 4.78485182783548e-26
44 1.2493911659551155e-26
45 3.262333400139372e-27
46 8.518404938306267e-28
47 2.2242735074514185e-28
48 5.807886631985533e-29
49 1.5165196245909627e-29
50 3.959843111818174e-30
51 1.0339698600809195e-30
52 2.6998387672211486e-31
53 7.049652726405025e-32
54 1.8407621655315297e-32
55 4.806484740561948e-33
56 1.2550398933365357e-33
57 3.2770827800761976e-34
58 8.556918264174024e-35
59 2.2343296868016434e-35
60 5.8341452617928965e-36
61 1.5233759674847402e-36
62 3.977746432957559e-37
63 1.0386445433709947e-37
64 2.7120453935426034e-38
65 7.081524921616491e-39
66 1.849084750756126e-39
67 4.82821534351574e-40
68 1.2607143134438345e-40
69 3.2918988011699263e-41
70 8.595607078971017e-42
71 2.2444313156985855e-42
72 5.860523770858064e-43
73 1.5302633023277568e-43
74 3.99573166819607e-44
75 1.0433403588624776e-44
76 2.7243080131111055e-45
77 7.11354119608051e-46
78 1.8574456293515906e-46
79 4.850044176368352e-47
80 1.266414937633804e-47
81 3.306781788283012e-48
82 8.634475343447827e-49
83 2.2545785926447734e-49
84 5.887025281435729e-50
85 1.5371817480751973e-50
86 4.0138013088479445e-51
87 1.0480573693842122e-51
88 2.7366286368899004e-52
89 7.145701755670619e-53
90 1.865846445945475e-53
91 4.871971134914872e-54
92 1.2721431386329553e-54
93 3.3217313887079565e-55
94 8.673534805653841e-56
95 2.2647707912691343e-56
96 5.913643826933148e-57
97 1.5441261337924036e-57
98 4.0286836663517306e-58
99 1.0519397528659065e-58
