4 -3.01831 -1.50915 -0.754576 1.03755e-08 0.0281823
6 -5.03269 -1.00719 -0.838782 3.07177e-09 0.0277963
8 -7.04519 -1.00625 -0.880649 2.98443e-09 0.0277917
10 -9.05768 -1.00624 -0.905768 2.98247e-09 0.0277916
12 -11.0702 -1.00624 -0.922514 2.98243e-09 0.0277916
14 -13.0826 -1.00624 -0.934475 2.98243e-09 0.0277916
16 -15.0951 -1.00624 -0.943446 2.98242e-09 0.0277916
18 -17.1076 -1.00624 -0.950423 2.98243e-09 0.0277916
20 -19.1201 -1.00624 -0.956005 2.98243e-09 0.0277916
22 -21.1326 -1.00624 -0.960572 2.98242e-09 0.0277916
24 -23.1451 -1.00624 -0.964378 2.98242e-09 0.0277916
26 -25.1576 -1.00624 -0.967598 2.98243e-09 0.0277916
28 -27.17 -1.00624 -0.970359 2.98242e-09 0.0277916
30 -29.1825 -1.00624 -0.972751 2.98242e-09 0.0277916
32 -31.195 -1.00624 -0.974844 2.98242e-09 0.0277916
34 -33.2075 -1.00624 -0.976691 2.98243e-09 0.0277916
36 -35.22 -1.00624 -0.978333 2.98243e-09 0.0277916
38 -37.2325 -1.00624 -0.979802 2.98242e-09 0.0277916
40 -39.2449 -1.00624 -0.981124 2.98242e-09 0.0277916
42 -41.2574 -1.00624 -0.98232 2.98242e-09 0.0277916
44 -43.2699 -1.00624 -0.983407 2.98243e-09 0.0277916
46 -45.2824 -1.00624 -0.9844 2.98243e-09 0.0277916
48 -47.2949 -1.00624 -0.98531 2.98243e-09 0.0277916
50 -49.3074 -1.00624 -0.986147 2.98244e-09 0.0277916
52 -51.3199 -1.00624 -0.98692 2.98242e-09 0.0277916
54 -53.3323 -1.00624 -0.987636 2.98243e-09 0.0277916
56 -55.3448 -1.00624 -0.9883 2.98242e-09 0.0277916
58 -57.3573 -1.00624 -0.988919 2.98242e-09 0.0277916
60 -59.3698 -1.00624 -0.989497 2.98242e-09 0.0277916
62 -61.3823 -1.00624 -0.990037 2.98243e-09 0.0277916
64 -63.3948 -1.00624 -0.990543 2.98242e-09 0.0277916
66 -65.4072 -1.00624 -0.991019 2.98243e-09 0.0277916
68 -67.4197 -1.00624 -0.991467 2.98243e-09 0.0277916
70 -69.4322 -1.00624 -0.991889 2.98243e-09 0.0277916
72 -71.4447 -1.00624 -0.992287 2.98243e-09 0.0277916
74 -73.4572 -1.00624 -0.992665 2.98241e-09 0.0277916
76 -75.4697 -1.00624 -0.993022 2.98242e-09 0.0277916
78 -77.4822 -1.00624 -0.993361 2.98242e-09 0.0277916
80 -79.4946 -1.00624 -0.993683 2.98242e-09 0.0277916
82 -81.5071 -1.00624 -0.993989 2.98243e-09 0.0277916
84 -83.5196 -1.00624 -0.994281 2.98243e-09 0.0277916
86 -85.5321 -1.00624 -0.994559 2.98243e-09 0.0277916
88 -87.5446 -1.00624 -0.994825 2.98242e-09 0.0277916
90 -89.5571 -1.00624 -0.995078 2.98243e-09 0.0277916
92 -91.5695 -1.00624 -0.995321 2.98243e-09 0.0277916
94 -93.582 -1.00624 -0.995553 2.98242e-09 0.0277916
96 -95.5945 -1.00624 -0.995776 2.98242e-09 0.0277916
98 -97.607 -1.00624 -0.99599 2.98243e-09 0.0277916
100 -99.6195 -1.00624 -0.996195 2.98242e-09 0.0277916
102 -101.632 -1.00624 -0.996392 2.98242e-09 0.0277916
