4 -4.82931 -2.41465 -1.20733 -4.70735e-14 1.36394
6 -7.96447 -1.56758 -1.32741 6.73955e-06 1.42566
8 -11.1072 -1.57138 -1.3884 1.01727e-05 1.51913
10 -14.2991 -1.59591 -1.42991 1.35264e-05 1.54999
12 -17.5034 -1.60218 -1.45862 6.63636e-05 1.61024
14 -20.7106 -1.60358 -1.47933 5.88853e-05 1.67807
16 -23.9586 -1.62402 -1.49741 4.58509e-05 1.69551
18 -27.1974 -1.6194 -1.51097 0.000175012 1.74356
20 -30.4387 -1.62065 -1.52194 0.000168909 1.72772
22 -33.7093 -1.63527 -1.53224 0.000169078 1.86326
24 -36.9899 -1.64029 -1.54124 0.000301128 1.83276
26 -40.2684 -1.63927 -1.54878 0.000264159 1.79901
28 -43.5571 -1.64433 -1.55561 0.000255746 1.96162
30 -46.8478 -1.64537 -1.56159 0.000417014 1.89189
32 -50.1486 -1.65037 -1.56714 0.000312374 1.82276
34 -53.4523 -1.65186 -1.57213 0.000123676 1.59576
36 -56.7128 -1.63027 -1.57536 0.000112391 1.71863
38 -59.984 -1.63559 -1.57853 4.99349e-05 1.65231
40 -63.2314 -1.62369 -1.58078 0.000179232 1.73575
42 -66.4788 -1.62371 -1.58283 0.000124699 1.80999
