2 -1.0099 -1.0099 -0.504951
4 -3.02484 -1.00747 -0.756211
8 -7.04971 -1.00622 -0.881214
16 -15.0994 -1.00621 -0.943714
32 -31.1989 -1.00621 -0.974964
64 -63.3977 -1.00621 -0.990589
128 -127.795 -1.00621 -0.998402
256 -256.591 -1.00621 -1.00231
512 -514.182 -1.00621 -1.00426
1024 -1029.36 -1.00621 -1.00524
2048 -2059.73 -1.00621 -1.00573
4096 -4120.45 -1.00621 -1.00597
8192 -8241.91 -1.00621 -1.00609
16384 -16484.8 -1.00621 -1.00615
32768 -32970.6 -1.00621 -1.00618
65536 -65942.2 -1.00621 -1.0062
131072 -131885 -1.00621 -1.00621
262144 -263772 -1.00621 -1.00621
524288 -527545 -1.00621 -1.00621
1048576 -1.05509e+06 -1.00621 -1.00621
2097152 -2.11018e+06 -1.00621 -1.00621
4194304 -4.22037e+06 -1.00621 -1.00621
8388608 -8.44073e+06 -1.00621 -1.00621
16777216 -1.68815e+07 -1.00621 -1.00621
33554432 -3.37629e+07 -1.00621 -1.00621
67108864 -6.75259e+07 -1.00621 -1.00621
134217728 -1.35052e+08 -1.00621 -1.00621
268435456 -2.70104e+08 -1.00621 -1.00621
536870912 -5.40207e+08 -1.00621 -1.00621
1073741824 -1.08041e+09 -1.00621 -1.00621
