0.025944 0.999673 9e-05 3.90384 0.05 5.06169
0.0537907 0.998622 0.00075 3.81576 0.1 5.05914
0.0835323 0.996761 0.00251 3.7363 0.15 5.05456
0.115115 0.993993 0.00592 3.66606 0.2 5.04773
0.148433 0.990243 0.01149 3.60556 0.25 5.03835
0.183322 0.98544 0.01967 3.55528 0.3 5.02622
0.219557 0.979549 0.03091 3.51568 0.35 5.01109
0.256862 0.972556 0.04556 3.48712 0.4 4.99274
0.294907 0.964468 0.06395 3.46988 0.45 4.97108
0.333332 0.955342 0.0863 3.4641 0.5 4.94598
0.37176 0.945255 0.11281 3.46988 0.55 4.91744
0.409805 0.934319 0.14356 3.48712 0.6 4.88551
0.44711 0.922664 0.1786 3.51568 0.65 4.85032
0.483343 0.910436 0.21791 3.55528 0.7 4.81211
0.518233 0.897792 0.2614 3.60556 0.75 4.77113
0.55155 0.884885 0.30893 3.66606 0.8 4.7277
0.583134 0.871862 0.36035 3.7363 0.85 4.6822
0.612875 0.858852 0.41546 3.81576 0.9 4.63503
0.640724 0.845978 0.47405 3.90384 0.95 4.58656
0.666666 0.833332 0.5359 4 1 4.5372
0.69074 0.821001 0.60077 4.05183 1.05 4.48728
0.712998 0.809041 0.66845 4.10713 1.1 4.43717
0.733522 0.797498 0.73871 4.16564 1.15 4.38717
0.75241 0.786403 0.81135 4.22711 1.2 4.33754
0.76977 0.775775 0.88617 4.29129 1.25 4.2885
0.785701 0.765622 0.96297 4.35797 1.3 4.24026
0.800316 0.755942 1.04159 4.42693 1.35 4.19295
0.813717 0.746731 1.12188 4.498 1.4 4.14672
0.82601 0.737974 1.20367 4.57099 1.45 4.10164
0.837287 0.72966 1.28685 4.64575 1.5 4.0578
