-1 -6.40492 -1.40499 -0.345362 -0.345362 0.180812 2.34536 2.34536 3.6291 
-0.95 -6.26204 -1.46462 -0.308625 -0.308625 0.138849 2.30863 2.30863 3.58781 
-0.9 -6.11945 -1.53294 -0.272792 -0.272792 0.103932 2.27279 2.27279 3.54846 
-0.85 -5.97717 -1.60943 -0.237942 -0.237942 0.0755573 2.23794 2.23794 3.51105 
-0.8 -5.83522 -1.69343 -0.204159 -0.204159 0.0530658 2.20416 2.20416 3.47559 
-0.75 -5.69363 -1.78418 -0.171537 -0.171537 0.0357144 2.17154 2.17154 3.4421 
-0.7 -5.55243 -1.88091 -0.140175 -0.140175 0.0227407 2.14018 2.14018 3.4106 
-0.65 -5.41167 -1.98286 -0.11018 -0.11018 0.0134093 2.11018 2.11018 3.38112 
-0.6 -5.27139 -2.08933 -0.0816654 -0.0816654 0.00704186 2.08167 2.08167 3.35368 
-0.55 -5.13165 -2.19968 -0.0547512 -0.0547512 0.00303186 2.05475 2.05475 3.3283 
-0.5 -4.99254 -2.31332 -0.029563 -0.029563 0.000848819 2.02956 2.02956 3.30501 
-0.45 -4.85416 -2.42972 -0.00623059 -0.00623059 3.63087e-05 2.00623 2.00623 3.28384 
-0.4 -4.71665 -2.54838 0.000206409 0.0151142 0.0151142 1.98489 1.98489 3.26482 
-0.35 -4.58022 -2.66878 0.00103286 0.0343396 0.0343396 1.96566 1.96566 3.24796 
-0.3 -4.44519 -2.79035 0.00224413 0.0513167 0.0513167 1.94868 1.94868 3.2333 
-0.25 -4.31211 -2.91236 0.00361708 0.0659229 0.0659229 1.93408 1.93408 3.22085 
-0.2 -4.18195 -3.03366 0.00497151 0.0780456 0.0780456 1.92195 1.92195 3.21064 
-0.15 -4.05671 -3.15213 0.00616568 0.0875856 0.0875856 1.91241 1.91241 3.20268 
-0.1 -3.94112 -3.26295 0.00709279 0.0944615 0.0944615 1.90554 1.90554 3.19698 
-0.05 -3.84784 -3.35339 0.00767836 0.0986122 0.0986122 1.90139 1.90139 3.19356 
3.19189e-16 -3.80788 -3.39242 0.0078784 0.1 0.1 1.9 1.9 3.19242 
0.05 -3.84784 -3.35339 0.00767836 0.0986122 0.0986122 1.90139 1.90139 3.19356 
0.1 -3.94112 -3.26295 0.00709279 0.0944615 0.0944615 1.90554 1.90554 3.19698 
0.15 -4.05671 -3.15213 0.00616568 0.0875856 0.0875856 1.91241 1.91241 3.20268 
0.2 -4.18195 -3.03366 0.00497151 0.0780456 0.0780456 1.92195 1.92195 3.21064 
0.25 -4.31211 -2.91236 0.00361708 0.0659229 0.0659229 1.93408 1.93408 3.22085 
0.3 -4.44519 -2.79035 0.00224413 0.0513167 0.0513167 1.94868 1.94868 3.2333 
0.35 -4.58022 -2.66878 0.00103286 0.0343396 0.0343396 1.96566 1.96566 3.24796 
0.4 -4.71665 -2.54838 0.000206409 0.0151142 0.0151142 1.98489 1.98489 3.26482 
0.45 -4.85416 -2.42972 -0.00623059 -0.00623059 3.63087e-05 2.00623 2.00623 3.28384 
0.5 -4.99254 -2.31332 -0.029563 -0.029563 0.000848819 2.02956 2.02956 3.30501 
0.55 -5.13165 -2.19968 -0.0547512 -0.0547512 0.00303186 2.05475 2.05475 3.3283 
0.6 -5.27139 -2.08933 -0.0816654 -0.0816654 0.00704186 2.08167 2.08167 3.35368 
0.65 -5.41167 -1.98286 -0.11018 -0.11018 0.0134093 2.11018 2.11018 3.38112 
0.7 -5.55243 -1.88091 -0.140175 -0.140175 0.0227407 2.14018 2.14018 3.4106 
0.75 -5.69363 -1.78418 -0.171537 -0.171537 0.0357144 2.17154 2.17154 3.4421 
0.8 -5.83522 -1.69343 -0.204159 -0.204159 0.0530658 2.20416 2.20416 3.47559 
0.85 -5.97717 -1.60943 -0.237942 -0.237942 0.0755573 2.23794 2.23794 3.51105 
0.9 -6.11945 -1.53294 -0.272792 -0.272792 0.103932 2.27279 2.27279 3.54846 
0.95 -6.26204 -1.46462 -0.308625 -0.308625 0.138849 2.30863 2.30863 3.58781 
1 -6.40492 -1.40499 -0.345362 -0.345362 0.180812 2.34536 2.34536 3.6291 
