0.05 -3.00192 -3.00183 0.901922 0.95 0.95 1.05 1.05 1.10183 
0.1 -3.00788 -3.00713 0.807878 0.9 0.9 1.1 1.1 1.20713 
0.15 -3.01815 -3.01564 0.718154 0.85 0.85 1.15 1.15 1.31564 
0.2 -3.03303 -3.02711 0.63303 0.8 0.8 1.2 1.2 1.42711 
0.25 -3.05278 -3.04129 0.552776 0.75 0.75 1.25 1.25 1.54129 
0.3 -3.07764 -3.05797 0.477639 0.7 0.7 1.3 1.3 1.65797 
0.35 -3.10784 -3.07693 0.40784 0.65 0.65 1.35 1.35 1.77693 
0.4 -3.14356 -3.098 0.34356 0.6 0.6 1.4 1.4 1.898 
0.45 -3.18494 -3.12099 0.284935 0.55 0.55 1.45 1.45 2.02099 
0.5 -3.23205 -3.14575 0.232051 0.5 0.5 1.5 1.5 2.14575 
0.55 -3.28494 -3.17213 0.184935 0.45 0.45 1.55 1.55 2.27213 
0.6 -3.34356 -3.2 0.14356 0.4 0.4 1.6 1.6 2.4 
0.65 -3.40784 -3.22924 0.10784 0.35 0.35 1.65 1.65 2.52924 
0.7 -3.47764 -3.25973 0.0776389 0.3 0.3 1.7 1.7 2.65973 
0.75 -3.55278 -3.29138 0.0527756 0.25 0.25 1.75 1.75 2.79138 
0.8 -3.63303 -3.3241 0.0330303 0.2 0.2 1.8 1.8 2.9241 
0.85 -3.71815 -3.3578 0.0181542 0.15 0.15 1.85 1.85 3.0578 
0.9 -3.80788 -3.39242 0.0078784 0.1 0.1 1.9 1.9 3.19242 
0.95 -3.90192 -3.42787 0.00192213 0.05 0.05 1.95 1.95 3.32787 
1 -4 -3.4641 -4.96342e-16 -1.9641e-16 5.73317e-16 2 2 3.4641 
1.05 -4.10183 -3.50106 -0.05 -0.05 0.00182845 2.05 2.05 3.60106 
1.1 -4.20713 -3.53868 -0.1 -0.1 0.00713075 2.1 2.1 3.73868 
1.15 -4.31564 -3.57693 -0.15 -0.15 0.0156408 2.15 2.15 3.87693 
1.2 -4.42711 -3.61576 -0.2 -0.2 0.0271057 2.2 2.2 4.01576 
1.25 -4.54129 -3.65512 -0.25 -0.25 0.0412878 2.25 2.25 4.15512 
1.3 -4.65797 -3.695 -0.3 -0.3 0.0579652 2.3 2.3 4.295 
1.35 -4.77693 -3.73534 -0.35 -0.35 0.0769322 2.35 2.35 4.43534 
1.4 -4.898 -3.77612 -0.4 -0.4 0.0979992 2.4 2.4 4.57612 
1.45 -5.02099 -3.81732 -0.45 -0.45 0.120992 2.45 2.45 4.71732 
1.5 -5.14575 -3.8589 -0.5 -0.5 0.145751 2.5 2.5 4.8589 
