0.05 -10.2903 -7.29152 -3.22173 -0.78084 0.226744 3.77583 7.2915 10.2903 
0.1 -9.73479 -5.75255 -2.51201 -1.57787 -1.37684 5.46672 5.75191 9.73543 
0.15 -10.6479 -4.35454 -4.1659 -2.13384 0.176602 2.12897 8.34382 10.6528 
0.2 -10.0384 -5.55443 -1.51565 0.958821 1.57611 2.96303 5.49468 6.11586 
0.25 -7.94487 -7.34751 -2.05847 -1.46278 1.8835 3.82173 5.58648 7.52191 
0.3 -8.23951 -7.59181 -2.34164 -2.10828 -1.69501 2.166 7.76619 12.044 
0.35 -5.45083 -4.7405 -3.83069 -0.168157 0.0901981 1.28263 3.91817 8.89919 
0.4 -2.86576 -1.84679 -1.19906 -0.71137 0.669607 1.19764 1.75351 3.00222 
0.45 -9.61727 -6.27306 -1.03855 0.746942 1.92422 2.28349 5.40661 6.56762 
0.5 -6.57752 -5.53449 -4.14185 0.119957 0.151114 3.87168 5.55111 6.55999 
0.55 -6.01356 -4.91357 -4.26168 -3.16279 1.1312 3.94768 5.22092 8.05181 
0.6 -9.13975 -7.39679 -2.41145 -1.73708 0.520062 3.62842 7.38858 9.148 
0.65 -10.0405 -6.44501 -3.96198 0.311743 2.67993 3.44762 4.00705 10.0011 
0.7 -5.03787 -1.95962 -0.673766 -0.25427 0.815039 1.24949 2.50011 3.36089 
0.75 -13.3973 -6.37829 -3.61603 -3.43311 2.4986 3.43304 7.48626 13.4068 
0.8 -9.99551 -6.71716 -2.78964 -1.74909 0.155046 0.517033 9.32808 11.2513 
0.85 -6.17499 -3.63333 -2.72968 -0.331916 1.03512 2.84509 3.53827 5.45143 
0.9 -9.72046 -7.47502 -2.59242 -0.367449 1.72218 4.88894 5.19888 8.34534 
0.95 -12.2691 -6.72486 -1.4552 -0.552585 0.846416 4.8816 6.46958 8.80416 
1 -9.98911 -4.23695 -1.84348 -0.691776 0.711789 1.82554 5.6178 8.60619 
1.05 -8.5931 -5.57237 -4.14393 -2.12555 2.71006 4.11014 5.82081 7.79393 
1.1 -9.55275 -6.47074 -2.68846 -1.88314 0.848234 3.72253 6.45511 9.56921 
1.15 -8.45197 -6.05734 -4.83918 0.028468 1.66663 4.02376 5.53814 8.0915 
1.2 -8.45153 -4.16307 -2.88241 0.864101 1.37908 3.40487 3.74474 6.10423 
1.25 -10.9488 -4.09489 -3.12515 -0.429207 0.583828 3.84435 5.87166 8.29823 
1.3 -8.71699 -3.67774 -3.19697 -2.29247 0.626304 2.22197 6.02791 9.00799 
1.35 -11.3141 -8.33129 -1.7492 0.208065 1.97198 3.11262 6.24667 9.85521 
1.4 -6.03788 -3.55036 -2.19862 -0.577506 1.36109 1.87253 3.48165 5.6491 
1.45 -9.14992 -6.00649 -3.59727 -0.506481 1.35737 4.3947 5.23688 8.27121 
1.5 -10.5879 -6.76826 -4.19879 -0.818893 2.45709 2.56364 6.7993 10.5538 
