-1 -0.0137008 -0.0325008 -0.0325008 -0.144909 -0.0325008 -0.144909 -0.144909 -0.966254 
-0.95 -0.0149853 -0.0339225 -0.0339225 -0.14727 -0.0339225 -0.14727 -0.14727 -0.965017 
-0.9 -0.0164473 -0.0354498 -0.0354498 -0.149714 -0.0354498 -0.149714 -0.149714 -0.963699 
-0.85 -0.0181209 -0.0370953 -0.0370953 -0.152246 -0.0370953 -0.152246 -0.152246 -0.962293 
-0.8 -0.0200488 -0.038874 -0.038874 -0.154871 -0.038874 -0.154871 -0.154871 -0.960786 
-0.75 0.0222855 0.0408042 0.0408042 0.157597 0.0408042 0.157597 0.157597 0.959165 
-0.7 -0.0249012 -0.0429078 -0.0429078 -0.16043 -0.0429078 -0.16043 -0.16043 -0.957415 
-0.65 -0.0279877 -0.0452122 -0.0452122 -0.16338 -0.0452122 -0.16338 -0.16338 -0.955513 
-0.6 0.0316676 0.0477522 0.0477522 0.166457 0.0477522 0.166457 0.166457 0.953432 
-0.55 0.0361073 0.0505723 0.0505723 0.169672 0.0505723 0.169672 0.169672 0.951135 
-0.5 -0.041539 -0.053732 -0.053732 -0.17304 -0.053732 -0.17304 -0.17304 -0.94857 
-0.45 0.0482945 0.0573123 0.0573123 0.176578 0.0573123 0.176578 0.176578 0.945661 
-0.4 0.0568651 0.0614279 0.0614279 0.180308 0.0614279 0.180308 0.180308 0.942292 
-0.35 0.0680055 0.0662478 0.0662478 0.184255 0.0662478 0.184255 0.184255 0.938275 
-0.3 -0.0829324 -0.0720342 -0.0720342 -0.188451 -0.0720342 -0.188451 -0.188451 -0.933282 
-0.25 0.103723 0.0792177 0.0792177 0.192926 0.0792177 0.192926 0.192926 0.92669 
-0.2 0.134178 0.0885546 0.0885546 0.197687 0.0885546 0.197687 0.197687 0.917186 
-0.15 0.181834 0.101471 0.101471 0.2026 0.101471 0.2026 0.2026 0.901613 
-0.1 -0.262711 -0.120761 -0.120761 -0.206851 -0.120761 -0.206851 -0.206851 -0.871132 
-0.05 -0.408126 -0.150832 -0.150832 -0.206354 -0.150832 -0.206354 -0.206354 -0.798396 
3.19189e-16 0.627805 0.187848 0.187848 0.187848 0.187848 0.187848 0.187848 0.627805 
0.05 0.798396 0.206354 0.206354 0.150832 0.206354 0.150832 0.150832 0.408126 
0.1 -0.871132 -0.206851 -0.206851 -0.120761 -0.206851 -0.120761 -0.120761 -0.262711 
0.15 -0.901613 -0.2026 -0.2026 -0.101471 -0.2026 -0.101471 -0.101471 -0.181834 
0.2 -0.917186 -0.197687 -0.197687 -0.0885546 -0.197687 -0.0885546 -0.0885546 -0.134178 
0.25 -0.92669 -0.192926 -0.192926 -0.0792177 -0.192926 -0.0792177 -0.0792177 -0.103723 
0.3 -0.933282 -0.188451 -0.188451 -0.0720342 -0.188451 -0.0720342 -0.0720342 -0.0829324 
0.35 0.938275 0.184255 0.184255 0.0662478 0.184255 0.0662478 0.0662478 0.0680055 
0.4 -0.942292 -0.180308 -0.180308 -0.0614279 -0.180308 -0.0614279 -0.0614279 -0.0568651 
0.45 -0.945661 -0.176578 -0.176578 -0.0573123 -0.176578 -0.0573123 -0.0573123 -0.0482945 
0.5 -0.94857 -0.17304 -0.17304 -0.053732 -0.17304 -0.053732 -0.053732 -0.041539 
0.55 -0.951135 -0.169672 -0.169672 -0.0505723 -0.169672 -0.0505723 -0.0505723 -0.0361073 
0.6 0.953432 0.166457 0.166457 0.0477522 0.166457 0.0477522 0.0477522 0.0316676 
0.65 0.955513 0.16338 0.16338 0.0452122 0.16338 0.0452122 0.0452122 0.0279877 
0.7 -0.957415 -0.16043 -0.16043 -0.0429078 -0.16043 -0.0429078 -0.0429078 -0.0249012 
0.75 0.959165 0.157597 0.157597 0.0408042 0.157597 0.0408042 0.0408042 0.0222855 
0.8 -0.960786 -0.154871 -0.154871 -0.038874 -0.154871 -0.038874 -0.038874 -0.0200488 
0.85 -0.962293 -0.152246 -0.152246 -0.0370953 -0.152246 -0.0370953 -0.0370953 -0.0181209 
0.9 0.963699 0.149714 0.149714 0.0354498 0.149714 0.0354498 0.0354498 0.0164473 
0.95 -0.965017 -0.14727 -0.14727 -0.0339225 -0.14727 -0.0339225 -0.0339225 -0.0149853 
1 -0.966254 -0.144909 -0.144909 -0.0325008 -0.144909 -0.0325008 -0.0325008 -0.0137008 
