0.299767 -0.953401 4.99993 1.05963 -1
0.305236 -0.951571 4.79742 1.156 -0.95
0.310954 -0.949603 4.58651 1.26015 -0.9
0.316945 -0.947482 4.36774 1.37149 -0.85
0.323236 -0.945182 4.14179 1.48927 -0.8
0.329864 -0.942673 3.90945 1.61264 -0.75
0.336868 -0.93992 3.67152 1.74074 -0.7
0.344301 -0.936871 3.42881 1.87268 -0.65
0.35223 -0.933457 3.18206 2.00766 -0.6
0.360737 -0.929585 2.93197 2.14493 -0.55
0.369936 -0.925115 2.67922 2.28376 -0.5
0.379982 -0.919837 2.42444 2.42349 -0.45
0.391096 -0.913418 2.16827 2.54859 -0.4
0.4036 -0.905296 1.91144 2.66981 -0.35
0.418003 -0.894462 1.65484 2.79259 -0.3
0.435131 -0.878941 1.39975 2.91598 -0.25
0.45642 -0.854465 1.14829 3.03863 -0.2
0.484467 -0.810593 0.90458 3.1583 -0.15
0.523758 -0.718058 0.67817 3.27004 -0.1
0.57712 -0.490701 0.49445 3.36107 -0.05
0.612875 -3.70074e-17 0.41546 3.4003 3.19189e-16
0.57712 0.490701 0.49445 3.36107 0.05
0.523758 0.718058 0.67817 3.27004 0.1
0.484467 0.810593 0.90458 3.1583 0.15
0.45642 0.854465 1.14829 3.03863 0.2
0.435131 0.878941 1.39975 2.91598 0.25
0.418003 0.894462 1.65484 2.79259 0.3
0.4036 0.905296 1.91144 2.66981 0.35
0.391096 0.913418 2.16827 2.54859 0.4
0.379982 0.919837 2.42444 2.42349 0.45
0.369936 0.925115 2.67922 2.28376 0.5
0.360737 0.929585 2.93197 2.14493 0.55
0.35223 0.933457 3.18206 2.00766 0.6
0.344301 0.936871 3.42881 1.87268 0.65
0.336868 0.93992 3.67152 1.74074 0.7
0.329864 0.942673 3.90945 1.61264 0.75
0.323236 0.945182 4.14179 1.48927 0.8
0.316945 0.947482 4.36774 1.37149 0.85
0.310954 0.949603 4.58651 1.26015 0.9
0.305236 0.951571 4.79742 1.156 0.95
0.299767 0.953401 4.99993 1.05963 1
