0.05 0.706933 0.00905877 0.00905877 0.00905877 0.00905877 0.00905877 0.00905877 0.706933 
0.1 -0.706376 -0.0185504 -0.0185504 -0.0185504 -0.0185504 -0.0185504 -0.0185504 -0.706376 
0.15 0.705387 0.0284571 0.0284571 0.0284571 0.0284571 0.0284571 0.0284571 0.705387 
0.2 -0.703914 -0.0387508 -0.0387508 -0.0387508 -0.0387508 -0.0387508 -0.0387508 -0.703914 
0.25 -0.701913 -0.0493918 -0.0493918 -0.0493918 -0.0493918 -0.0493918 -0.0493918 -0.701913 
0.3 -0.699343 -0.0603292 -0.0603292 -0.0603292 -0.0603292 -0.0603292 -0.0603292 -0.699343 
0.35 0.696177 0.0715005 0.0715005 0.0715005 0.0715005 0.0715005 0.0715005 0.696177 
0.4 -0.692399 -0.0828337 -0.0828337 -0.0828337 -0.0828337 -0.0828337 -0.0828337 -0.692399 
0.45 -0.688005 -0.0942492 -0.0942492 -0.0942492 -0.0942492 -0.0942492 -0.0942492 -0.688005 
0.5 -0.683013 -0.105662 -0.105662 -0.105662 -0.105662 -0.105662 -0.105662 -0.683013 
0.55 -0.677452 -0.116988 -0.116988 -0.116988 -0.116988 -0.116988 -0.116988 -0.677452 
0.6 -0.671371 -0.128142 -0.128142 -0.128142 -0.128142 -0.128142 -0.128142 -0.671371 
0.65 0.664829 0.139048 0.139048 0.139048 0.139048 0.139048 0.139048 0.664829 
0.7 0.657896 0.149636 0.149636 0.149636 0.149636 0.149636 0.149636 0.657896 
0.75 0.650649 0.15985 0.15985 0.15985 0.15985 0.15985 0.15985 0.650649 
0.8 0.643167 0.169643 0.169643 0.169643 0.169643 0.169643 0.169643 0.643167 
0.85 0.635528 0.178983 0.178983 0.178983 0.178983 0.178983 0.178983 0.635528 
0.9 -0.627805 -0.187848 -0.187848 -0.187848 -0.187848 -0.187848 -0.187848 -0.627805 
0.95 0.620067 0.196229 0.196229 0.196229 0.196229 0.196229 0.196229 0.620067 
1 0.612372 0.204124 0.204124 0.204124 0.204124 0.204124 0.204124 0.612372 
1.05 -0.604773 -0.211542 -0.211542 -0.211542 -0.211542 -0.211542 -0.211542 -0.604773 
1.1 0.597311 0.218495 0.218495 0.218495 0.218495 0.218495 0.218495 0.597311 
1.15 -0.59002 -0.225001 -0.225001 -0.225001 -0.225001 -0.225001 -0.225001 -0.59002 
1.2 -0.582926 -0.231082 -0.231082 -0.231082 -0.231082 -0.231082 -0.231082 -0.582926 
1.25 0.576048 0.236762 0.236762 0.236762 0.236762 0.236762 0.236762 0.576048 
1.3 0.5694 0.242063 0.242063 0.242063 0.242063 0.242063 0.242063 0.5694 
1.35 0.562989 0.247011 0.247011 0.247011 0.247011 0.247011 0.247011 0.562989 
1.4 0.55682 0.251629 0.251629 0.251629 0.251629 0.251629 0.251629 0.55682 
1.45 0.550891 0.255942 0.255942 0.255942 0.255942 0.255942 0.255942 0.550891 
1.5 0.545202 0.259971 0.259971 0.259971 0.259971 0.259971 0.259971 0.545202 
