0.05 0.000112654 5.60547e-07 0.00475513 3.36384e-05 0.0166751 8.44191e-05 0.999825 0.00707293 
0.1 0.000451308 0.0251125 0.0120966 0.999515 4.49593e-06 0.000256281 0.000167521 0.0138422 
0.15 0.023138 0.000551668 0.000321754 1.02061e-05 0.999293 0.0238262 0.0176021 0.0005749 
0.2 0.998564 0.0234427 0.0180604 0.00053281 0.0446203 0.00104757 0.00108651 3.32124e-05 
0.25 -0.878605 -0.0373739 -0.0164658 -0.000885035 -0.475206 -0.0202175 -0.01247 -0.000714965 
0.3 -0.0413217 -0.0173075 -0.82769 -0.557071 -0.00157868 -0.000700988 -0.0422189 -0.0284231 
0.35 0.00980951 0.0378117 0.00257176 0.0316339 0.144934 0.570368 0.0636013 0.804423 
0.4 -0.0377348 -0.0946494 -0.0265952 -0.242337 -0.0244324 -0.106032 -0.0979862 -0.95328 
0.45 -0.000510938 -0.00260481 -0.00711902 -0.0519657 -0.00745646 -0.0395626 -0.135396 -0.988579 
0.5 0.179923 0.00908374 0.0568914 0.00441571 0.794008 0.0404787 0.574548 0.0457817 
0.55 0.0216059 0.0140647 0.232228 0.236896 0.0394032 0.0288589 0.658183 0.67357 
0.6 0.0764093 0.923899 0.0210072 0.367387 0.00501346 0.060784 0.00213491 0.0378552 
0.65 -0.00871099 -0.105826 -0.0608901 -0.975324 -0.00111737 -0.0139999 -0.0114083 -0.182847 
0.7 0.955148 0.146578 0.114807 0.0283316 0.220647 0.0341833 0.0468156 0.0133738 
0.75 0.00720717 0.000619626 0.0759992 0.00822005 0.0748122 0.00654804 0.988448 0.106934 
0.8 -0.107843 -0.0279138 -0.00744117 -0.00270117 -0.958232 -0.248235 -0.0821201 -0.0309087 
0.85 -0.0177816 -0.0286873 -0.0901753 -0.235602 -0.0428682 -0.0769567 -0.342727 -0.899999 
0.9 0.00633601 0.0383765 0.0567794 0.442908 0.00915137 0.0577725 0.113323 0.884778 
0.95 0.0019646 0.0194655 0.0140255 0.172154 0.00830709 0.0841696 0.079632 0.9779 
1 0.971898 0.102991 0.171231 0.0244691 0.117832 0.0125087 0.0288032 0.00422355 
1.05 0.915303 0.0800092 0.19647 0.0223726 0.317238 0.0278616 0.122847 0.0145329 
1.1 0.151969 0.0183779 0.0446467 0.00779909 0.903763 0.109773 0.375762 0.0669334 
1.15 -0.0427333 -0.308805 -0.078467 -0.772628 -0.0160507 -0.120505 -0.0536145 -0.531082 
1.2 -0.92696 -0.281246 -0.105724 -0.0436491 -0.208253 -0.063368 -0.0314785 -0.0136983 
1.25 -0.00601902 -0.0387766 -0.0212116 -0.177911 -0.0233999 -0.154537 -0.114721 -0.963726 
1.3 0.0661355 0.0130494 0.214996 0.0597472 0.192682 0.0396793 0.917304 0.25596 
1.35 0.0124048 0.0844197 0.0619763 0.524159 0.0140426 0.0983096 0.0984122 0.83342 
1.4 -0.654158 -0.150628 -0.196076 -0.0694683 -0.605301 -0.143115 -0.322284 -0.12401 
1.45 0.797237 0.222825 0.0898314 0.0320271 0.52622 0.147529 0.0783457 0.0292746 
1.5 -0.223488 -0.0305077 -0.0762289 -0.0139081 -0.865543 -0.11872 -0.416973 -0.0774077 
