3.73078e-15 -0.776278
3.54424e-15 -0.761732
3.3577e-15 -0.745694
3.17117e-15 -0.727991
2.98463e-15 -0.708432
2.79809e-15 -0.686809
2.61155e-15 -0.662897
2.42501e-15 -0.636459
2.23847e-15 -0.60725
2.05193e-15 -0.575023
1.86539e-15 -0.539543
1.67885e-15 -0.500599
1.49231e-15 -0.458028
1.30577e-15 -0.411733
1.11923e-15 -0.36171
9.32696e-16 -0.308075
7.46157e-16 -0.251085
5.59617e-16 -0.191151
3.73078e-16 -0.128839
1.86539e-16 -0.0648521
-1.94156e-30 5.36608e-15
-1.86539e-16 0.0648521
-3.73078e-16 0.128839
-5.59617e-16 0.191151
-7.46157e-16 0.251085
-9.32696e-16 0.308075
-1.11923e-15 0.36171
-1.30577e-15 0.411733
-1.49231e-15 0.458028
-1.67885e-15 0.500599
-1.86539e-15 0.539543
-2.05193e-15 0.575023
-2.23847e-15 0.60725
-2.42501e-15 0.636459
-2.61155e-15 0.662897
-2.79809e-15 0.686809
-2.98463e-15 0.708432
-3.17117e-15 0.727991
-3.3577e-15 0.745694
-3.54424e-15 0.761732
-3.73078e-15 0.776278
