0.0250468 0.999686 0 3.86117 0.05 4.00016
0.0503737 0.99873 6e-05 3.7279 0.1 4.00063
0.0762544 0.997085 0.00032 3.60082 0.15 4.00143
0.102952 0.994678 0.00098 3.48059 0.2 4.00257
0.130708 0.991409 0.00239 3.36796 0.25 4.00406
0.159733 0.987158 0.0049 3.2637 0.3 4.0059
0.190196 0.981779 0.00897 3.16866 0.35 4.0081
0.222202 0.975131 0.01507 3.08367 0.4 4.01062
0.255785 0.967075 0.02375 3.0096 0.45 4.01337
0.290886 0.957492 0.03549 2.94725 0.5 4.01622
0.327345 0.946297 0.05082 2.8974 0.55 4.01901
0.364892 0.933464 0.07019 2.86069 0.6 4.02145
0.40317 0.919034 0.094 2.83764 0.65 4.02321
0.441736 0.903124 0.12255 2.82857 0.7 4.0239
0.480103 0.885913 0.15605 2.83363 0.75 4.02312
0.517781 0.867653 0.1946 2.85273 0.8 4.02041
0.554294 0.848632 0.2382 2.8856 0.85 4.01543
0.589248 0.829156 0.28675 2.93178 0.9 4.00785
0.622317 0.809528 0.34004 2.99065 0.95 3.9975
0.653283 0.79003 0.39782 3.06147 1 3.9843
0.682013 0.770899 0.45982 3.14344 1.05 3.96832
0.70847 0.752334 0.5257 3.23572 1.1 3.94969
0.732685 0.734481 0.59511 3.33744 1.15 3.92865
0.754731 0.717438 0.66773 3.39183 1.2 3.90555
0.77474 0.701272 0.74325 3.44481 1.25 3.88066
0.792845 0.686008 0.82136 3.5016 1.3 3.85437
0.8092 0.671649 0.90178 3.56184 1.35 3.82701
0.823968 0.65818 0.98425 3.62518 1.4 3.79887
0.837291 0.645568 1.06855 3.69133 1.45 3.77027
0.849322 0.633775 1.15446 3.76001 1.5 3.74145
