-1 -8.53962 -3.14379 -2.69072 -2.69072 -2.27477 -1.1509 -6.52162e-16 1.48947e-16 4.44089e-16 0.723956 1.46122 2.69072 2.69072 2.86063 4.81355 5.24972 
-0.95 -8.34907 -3.10232 -2.61725 -2.61725 -2.18013 -1.26707 -2.55412e-16 4.09308e-16 6.59609e-16 0.700817 1.37979 2.61725 2.61725 2.79829 4.80034 5.21935 
-0.9 -8.15888 -3.06794 -2.54558 -2.54558 -2.08577 -1.38383 -4.72449e-16 -2.10942e-16 3.36228e-16 0.682608 1.29771 2.54558 2.54558 2.73671 4.78806 5.19133 
-0.85 -7.96908 -3.04232 -2.47588 -2.47588 -1.99174 -1.49892 -1.67925e-16 4.55712e-16 5.72252e-16 0.668703 1.21507 2.47588 2.47588 2.67609 4.77667 5.16552 
-0.8 -7.77971 -3.02761 -2.40832 -2.40832 -1.89807 -1.60966 -9.40491e-16 -1.02892e-16 1.54739e-16 0.658538 1.13193 2.40832 2.40832 2.61664 4.76614 5.14181 
-0.75 -7.59079 -3.02648 -2.34307 -2.34307 -1.80482 -1.71299 -3.69889e-16 -9.38975e-17 3.30065e-16 0.651607 1.04841 2.34307 2.34307 2.55858 4.75641 5.12007 
-0.7 -7.40235 -3.0419 -2.28035 -2.28035 -1.80556 -1.71205 -5.55948e-16 1.66739e-16 3.98119e-16 0.647462 0.964579 2.28035 2.28035 2.50214 4.74747 5.10021 
-0.65 -7.21445 -3.07664 -2.22036 -2.22036 -1.8843 -1.61984 -2.04967e-16 -5.71151e-17 1.683e-16 0.645697 0.880567 2.22036 2.22036 2.44758 4.73927 5.08212 
-0.6 -7.02712 -3.13255 -2.16333 -2.16333 -1.94714 -1.5283 -8.2478e-16 2.01604e-16 8.51408e-16 0.645944 0.796504 2.16333 2.16333 2.39515 4.73179 5.06571 
-0.55 -6.84042 -3.20976 -2.1095 -2.1095 -1.99373 -1.43756 -3.91951e-16 -8.60423e-17 3.8161e-16 0.647857 0.712553 2.1095 2.1095 2.34515 4.72501 5.05091 
-0.5 -6.65443 -3.30666 -2.05913 -2.05913 -2.02551 -1.3478 -6.25077e-16 6.34577e-17 3.46854e-16 0.628918 0.651109 2.05913 2.05913 2.29787 4.71889 5.03763 
-0.45 -6.46922 -3.42044 -2.04515 -2.01246 -2.01246 -1.25928 -1.01417e-15 -4.42701e-16 -4.1318e-16 0.545868 0.655379 2.01246 2.01246 2.25362 4.71341 5.02581 
-0.4 -6.2849 -3.54793 -2.05567 -1.96977 -1.96977 -1.17233 -3.5579e-16 -2.50303e-17 2.57784e-16 0.463769 0.660354 1.96977 1.96977 2.21275 4.70856 5.0154 
-0.35 -6.1016 -3.68619 -2.05983 -1.93132 -1.93132 -1.08745 -5.0848e-16 -1.4988e-16 2.48447e-16 0.383132 0.665724 1.93132 1.93132 2.17557 4.70432 5.00632 
-0.3 -5.91952 -3.83274 -2.05992 -1.89737 -1.89737 -1.00538 -3.6442e-16 -3.48995e-16 1.1663e-16 0.3047 0.671181 1.89737 1.89737 2.14245 4.70068 4.99855 
-0.25 -5.73896 -3.98554 -2.05767 -1.86815 -1.86815 -0.927202 -6.63156e-16 -2.93817e-16 3.1225e-16 0.229587 0.676425 1.86815 1.86815 2.11371 4.69761 4.99204 
-0.2 -5.56042 -4.14278 -2.0544 -1.84391 -1.84391 -0.854622 -3.23466e-16 -2.13891e-16 1.09497e-16 0.159499 0.681175 1.84391 1.84391 2.08967 4.69512 4.98676 
-0.15 -5.38493 -4.30253 -2.05102 -1.82483 -1.82483 -0.790259 -1.58098e-16 -1.06704e-16 2.22352e-16 0.0970654 0.685172 1.82483 1.82483 2.07063 4.69319 4.98268 
-0.1 -5.21513 -4.4615 -2.04819 -1.81108 -1.81108 -0.738027 -7.10876e-16 -3.43475e-17 1.26438e-16 0.0462068 0.688198 1.81108 1.81108 2.05684 4.69182 4.97978 
-0.05 -5.06091 -4.60937 -2.04633 -1.80278 -1.80278 -0.703126 -1.78262e-16 2.00099e-16 7.21175e-16 0.0121272 0.690084 1.80278 1.80278 2.04849 4.691 4.97804 
3.19189e-16 -4.97747 -4.69072 -2.04569 -1.8 -1.8 -0.690725 -7.97944e-16 -4.59831e-16 3.81351e-17 1.88558e-16 0.690725 1.8 1.8 2.04569 4.69072 4.97747 
0.05 -5.06091 -4.60937 -2.04633 -1.80278 -1.80278 -0.703126 -2.99907e-16 -3.50166e-17 1.86965e-16 0.0121272 0.690084 1.80278 1.80278 2.04849 4.691 4.97804 
0.1 -5.21513 -4.4615 -2.04819 -1.81108 -1.81108 -0.738027 -1.70191e-16 1.05244e-16 4.05857e-16 0.0462068 0.688198 1.81108 1.81108 2.05684 4.69182 4.97978 
0.15 -5.38493 -4.30253 -2.05102 -1.82483 -1.82483 -0.790259 -5.37423e-16 -1.88582e-16 1.44947e-16 0.0970654 0.685172 1.82483 1.82483 2.07063 4.69319 4.98268 
0.2 -5.56042 -4.14278 -2.0544 -1.84391 -1.84391 -0.854622 -2.51187e-16 -2.4282e-17 2.61518e-16 0.159499 0.681175 1.84391 1.84391 2.08967 4.69512 4.98676 
0.25 -5.73896 -3.98554 -2.05767 -1.86815 -1.86815 -0.927202 -2.07434e-16 2.59798e-17 4.85217e-16 0.229587 0.676425 1.86815 1.86815 2.11371 4.69761 4.99204 
0.3 -5.91952 -3.83274 -2.05992 -1.89737 -1.89737 -1.00538 -4.76914e-16 -9.37976e-17 3.50787e-16 0.3047 0.671181 1.89737 1.89737 2.14245 4.70068 4.99855 
0.35 -6.1016 -3.68619 -2.05983 -1.93132 -1.93132 -1.08745 -7.49401e-16 -3.10778e-16 5.29059e-16 0.383132 0.665724 1.93132 1.93132 2.17557 4.70432 5.00632 
0.4 -6.2849 -3.54793 -2.05567 -1.96977 -1.96977 -1.17233 1.20954e-16 2.97639e-16 6.18325e-16 0.463769 0.660354 1.96977 1.96977 2.21275 4.70856 5.0154 
0.45 -6.46922 -3.42044 -2.04515 -2.01246 -2.01246 -1.25928 -5.53398e-16 -1.60982e-16 1.04375e-16 0.545868 0.655379 2.01246 2.01246 2.25362 4.71341 5.02581 
0.5 -6.65443 -3.30666 -2.05913 -2.05913 -2.02551 -1.3478 -3.45399e-16 1.77079e-16 2.56357e-16 0.628918 0.651109 2.05913 2.05913 2.29787 4.71889 5.03763 
0.55 -6.84042 -3.20976 -2.1095 -2.1095 -1.99373 -1.43756 -4.35311e-16 4.30211e-17 2.08393e-16 0.647857 0.712553 2.1095 2.1095 2.34515 4.72501 5.05091 
0.6 -7.02712 -3.13255 -2.16333 -2.16333 -1.94714 -1.5283 -6.37784e-16 2.31476e-16 5.34014e-16 0.645944 0.796504 2.16333 2.16333 2.39515 4.73179 5.06571 
0.65 -7.21445 -3.07664 -2.22036 -2.22036 -1.8843 -1.61984 -3.1294e-16 8.15754e-17 2.69379e-16 0.645697 0.880567 2.22036 2.22036 2.44758 4.73927 5.08212 
0.7 -7.40235 -3.0419 -2.28035 -2.28035 -1.80556 -1.71205 -9.4369e-17 -3.94833e-17 2.67108e-16 0.647462 0.964579 2.28035 2.28035 2.50214 4.74747 5.10021 
0.75 -7.59079 -3.02648 -2.34307 -2.34307 -1.80482 -1.71299 -3.33934e-16 -1.1345e-16 3.25332e-16 0.651607 1.04841 2.34307 2.34307 2.55858 4.75641 5.12007 
0.8 -7.77971 -3.02761 -2.40832 -2.40832 -1.89807 -1.60966 -6.88018e-16 -2.97641e-16 4.39982e-16 0.658538 1.13193 2.40832 2.40832 2.61664 4.76614 5.14181 
0.85 -7.96908 -3.04232 -2.47588 -2.47588 -1.99174 -1.49892 -2.45043e-16 2.05391e-16 6.84842e-16 0.668703 1.21507 2.47588 2.47588 2.67609 4.77667 5.16552 
0.9 -8.15888 -3.06794 -2.54558 -2.54558 -2.08577 -1.38383 -5.87999e-16 -4.49776e-16 -3.16414e-16 0.682608 1.29771 2.54558 2.54558 2.73671 4.78806 5.19133 
0.95 -8.34907 -3.10232 -2.61725 -2.61725 -2.18013 -1.26707 -2.67917e-16 2.61797e-16 4.32987e-16 0.700817 1.37979 2.61725 2.61725 2.79829 4.80034 5.21935 
1 -8.53962 -3.14379 -2.69072 -2.69072 -2.27477 -1.1509 -4.71845e-16 7.74419e-17 9.21026e-16 0.723956 1.46122 2.69072 2.69072 2.86063 4.81355 5.24972 
