0.05 -4.0025 -4.0025 -0.141333 -0.1 -0.1 -0.00249844 -5.78214e-17 5.31385e-18 1.46132e-16 2.2738e-16 0.00249844 0.1 0.1 0.141333 4.0025 4.0025 
0.1 -4.01004 -4.00998 -0.282135 -0.2 -0.2 -0.00997512 -1.9776e-17 1.94857e-17 9.14363e-17 4.05797e-16 0.00997512 0.2 0.2 0.282135 4.00998 4.01004 
0.15 -4.02269 -4.02237 -0.421871 -0.3 -0.3 -0.0223748 -2.97865e-16 -2.10425e-17 6.12832e-17 1.02541e-16 0.0223748 0.3 0.3 0.421871 4.02237 4.02269 
0.2 -4.04059 -4.03961 -0.560002 -0.4 -0.4 -0.0396078 -1.52003e-16 -2.86709e-17 1.28339e-17 1.5865e-16 0.0396078 0.4 0.4 0.560002 4.03961 4.04059 
0.25 -4.06394 -4.06155 -0.695981 -0.5 -0.5 -0.0615528 -1.36102e-16 7.40071e-18 3.66692e-17 1.2052e-16 0.0615528 0.5 0.5 0.695981 4.06155 4.06394 
0.3 -4.09296 -4.08806 -0.829256 -0.6 -0.6 -0.0880613 -2.3915e-16 -2.86843e-17 8.36864e-17 1.85988e-16 0.0880613 0.6 0.6 0.829256 4.08806 4.09296 
0.35 -4.12793 -4.11896 -0.95927 -0.7 -0.7 -0.118962 -2.91176e-16 -2.3008e-16 -1.76815e-16 -6.15704e-17 0.118962 0.7 0.7 0.95927 4.11896 4.12793 
0.4 -4.16914 -4.15407 -1.08547 -0.8 -0.8 -0.154066 -4.59639e-16 2.87692e-17 7.15775e-17 1.92972e-16 0.154066 0.8 0.8 1.08547 4.15407 4.16914 
0.45 -4.21692 -4.19317 -1.20732 -0.9 -0.9 -0.193171 -2.23103e-16 -9.21048e-17 6.6525e-17 2.39705e-16 0.193171 0.9 0.9 1.20732 4.19317 4.21692 
0.5 -4.27156 -4.23607 -1.32431 -1 -1 -0.236068 -1.40655e-16 -1.38422e-17 9.20827e-17 3.58336e-16 0.236068 1 1 1.32431 4.23607 4.27156 
0.55 -4.33336 -4.28254 -1.43596 -1.1 -1.1 -0.282542 -4.52684e-16 -2.05621e-16 -4.21306e-17 2.21691e-16 0.282542 1.1 1.1 1.43596 4.28254 4.33336 
0.6 -4.40257 -4.33238 -1.54188 -1.2 -1.2 -0.332381 -4.63923e-16 -2.871e-16 2.09574e-17 2.94868e-16 0.332381 1.2 1.2 1.54188 4.33238 4.40257 
0.65 -4.47937 -4.38537 -1.64173 -1.3 -1.3 -0.385372 -4.00882e-17 5.14025e-17 4.62142e-16 7.52255e-16 0.385372 1.3 1.3 1.64173 4.38537 4.47937 
0.7 -4.56386 -4.44131 -1.73529 -1.4 -1.4 -0.441311 -3.57614e-16 -1.34605e-16 2.34026e-16 4.74018e-16 0.441311 1.4 1.4 1.73529 4.44131 4.56386 
0.75 -4.65605 -4.5 -1.82242 -1.5 -1.5 -0.5 -3.62538e-16 -3.3783e-16 -1.64261e-16 -4.20755e-17 0.5 1.5 1.5 1.82242 4.5 4.65605 
0.8 -4.75585 -4.56125 -1.90312 -1.6 -1.6 -0.56125 -4.33418e-17 7.10974e-17 1.43595e-16 6.44693e-16 0.56125 1.6 1.6 1.90312 4.56125 4.75585 
0.85 -4.86308 -4.62488 -1.97748 -1.7 -1.7 -0.624881 -4.57813e-16 -6.99662e-17 1.96247e-16 2.64255e-16 0.624881 1.7 1.7 1.97748 4.62488 4.86308 
0.9 -4.97747 -4.69072 -2.04569 -1.8 -1.8 -0.690725 -4.26742e-16 -2.05654e-16 3.9987e-16 4.74032e-16 0.690725 1.8 1.8 2.04569 4.69072 4.97747 
0.95 -5.09866 -4.75862 -2.10801 -1.9 -1.9 -0.758623 -2.56953e-16 5.97795e-17 7.10259e-16 1.05037e-15 0.758623 1.9 1.9 2.10801 4.75862 5.09866 
1 -5.22625 -4.82843 -2.16478 -2 -2 -0.828427 -3.59383e-16 -1.52215e-16 1.73944e-16 8.50855e-16 0.828427 2 2 2.16478 4.82843 5.22625 
1.05 -5.35982 -4.9 -2.21638 -2.1 -2.1 -0.9 -3.84543e-16 -1.54067e-17 1.52101e-16 3.99045e-16 0.9 2.1 2.1 2.21638 4.9 5.35982 
1.1 -5.49891 -4.97321 -2.26319 -2.2 -2.2 -0.973214 -5.81206e-16 -2.56453e-17 2.02398e-16 6.0629e-16 0.973214 2.2 2.2 2.26319 4.97321 5.49891 
1.15 -5.64306 -5.04795 -2.30562 -2.3 -2.3 -1.04795 -5.44358e-16 7.07695e-17 2.61099e-16 1.14461e-15 1.04795 2.3 2.3 2.30562 5.04795 5.64306 
1.2 -5.79183 -5.1241 -2.4 -2.4 -2.34407 -1.1241 -3.02363e-16 -1.81827e-16 9.16216e-17 6.05205e-16 1.1241 2.34407 2.4 2.4 5.1241 5.79183 
1.25 -5.94481 -5.20156 -2.5 -2.5 -2.3789 -1.20156 -4.49039e-16 -2.32607e-16 1.78422e-16 7.88293e-16 1.20156 2.3789 2.5 2.5 5.20156 5.94481 
1.3 -6.1016 -5.28024 -2.6 -2.6 -2.41048 -1.28024 -1.83342e-16 -1.11022e-16 6.90845e-16 9.99201e-16 1.28024 2.41048 2.6 2.6 5.28024 6.1016 
1.35 -6.26184 -5.36006 -2.7 -2.7 -2.43914 -1.36006 -4.4539e-16 -8.97318e-17 2.14632e-16 6.87962e-16 1.36006 2.43914 2.7 2.7 5.36006 6.26184 
1.4 -6.42518 -5.44093 -2.8 -2.8 -2.46518 -1.44093 -9.87879e-16 -2.84389e-16 1.73367e-16 7.91833e-16 1.44093 2.46518 2.8 2.8 5.44093 6.42518 
1.45 -6.59133 -5.52278 -2.9 -2.9 -2.48886 -1.52278 -6.28254e-16 -3.43757e-16 3.86973e-16 1.14373e-15 1.52278 2.48886 2.9 2.9 5.52278 6.59133 
1.5 -6.76001 -5.60555 -3 -3 -2.51044 -1.60555 -1.48451e-15 4.2146e-18 1.99566e-16 6.84127e-16 1.60555 2.51044 3 3 5.60555 6.76001 
