-1 -0.00318128 -0.00754637 -0.00754637 -0.031776 -0.00754637 -0.0216398 -0.031776 -0.143207 -0.00754637 -0.031776 -0.0216398 -0.143207 -0.031776 -0.143207 -0.143207 -0.955382 
-0.95 -0.00357567 -0.00809399 -0.00809399 -0.0331071 -0.00809399 -0.0223833 -0.0331071 -0.145469 -0.00809399 -0.0331071 -0.0223833 -0.145469 -0.0331071 -0.145469 -0.145469 -0.953779 
-0.9 -0.0040363 -0.00869922 -0.00869922 -0.0345277 -0.00869922 -0.0231688 -0.0345277 -0.147805 -0.00869922 -0.0345277 -0.0231688 -0.147805 -0.0345277 -0.147805 -0.147805 -0.952079 
-0.85 0.00457774 0.0093705 0.0093705 0.0360467 0.0093705 0.0240001 0.0360467 0.150218 0.0093705 0.0360467 0.0240001 0.150218 0.0360467 0.150218 0.150218 0.950272 
-0.8 0.00521866 0.010118 0.010118 0.0376743 0.010118 0.0248814 0.0376743 0.152713 0.010118 0.0376743 0.0248814 0.152713 0.0376743 0.152713 0.152713 0.948348 
-0.75 -0.00598328 -0.010954 -0.010954 -0.0394222 -0.010954 -0.0258175 -0.0394222 -0.155293 -0.010954 -0.0394222 -0.0258175 -0.155293 -0.0394222 -0.155293 -0.155293 -0.946293 
-0.7 0.00690344 0.0118938 0.0118938 0.041304 0.0118938 0.0268143 0.041304 0.157965 0.0118938 0.041304 0.0268143 0.157965 0.041304 0.157965 0.157965 0.944093 
-0.65 0.00802176 0.0129561 0.0129561 0.0433356 0.0129561 0.0278785 0.0433356 0.160734 0.0129561 0.0433356 0.0278785 0.160734 0.0433356 0.160734 0.160734 0.94173 
-0.6 -0.00939618 -0.014165 -0.014165 -0.0455359 -0.014165 -0.0290181 -0.0455359 -0.163605 -0.014165 -0.0455359 -0.0290181 -0.163605 -0.0455359 -0.163605 -0.163605 -0.939183 
-0.55 -0.0111072 -0.0155515 -0.0155515 -0.0479278 -0.0155515 -0.0302429 -0.0479278 -0.166585 -0.0155515 -0.0479278 -0.0302429 -0.166585 -0.0479278 -0.166585 -0.166585 -0.936424 
-0.5 0.0132697 0.0171563 0.0171563 0.0505391 0.0171563 0.0315652 0.0505391 0.169682 0.0171563 0.0505391 0.0315652 0.169682 0.0505391 0.169682 0.169682 0.933418 
-0.45 -0.0160516 -0.0190355 -0.0190355 -0.0534053 -0.0190355 -0.0330006 -0.0534053 -0.172904 -0.0190355 -0.0534053 -0.0330006 -0.172904 -0.0534053 -0.172904 -0.172904 -0.93012 
-0.4 -0.0197081 -0.0212677 -0.0212677 -0.0565719 -0.0212677 -0.03457 -0.0565719 -0.176259 -0.0212677 -0.0565719 -0.03457 -0.176259 -0.0565719 -0.176259 -0.176259 -0.926467 
-0.35 0.0246433 0.0239697 0.0239697 0.0601007 0.0239697 0.0363022 0.0601007 0.179758 0.0239697 0.0601007 0.0363022 0.179758 0.0601007 0.179758 0.179758 0.922366 
-0.3 -0.0315325 -0.027324 -0.027324 -0.0640801 -0.027324 -0.0382401 -0.0640801 -0.183411 -0.027324 -0.0640801 -0.0382401 -0.183411 -0.0640801 -0.183411 -0.183411 -0.917666 
-0.25 0.0415854 0.0316391 0.0316391 0.0686456 0.0316391 0.0404514 0.0686456 0.187224 0.0316391 0.0686456 0.0404514 0.187224 0.0686456 0.187224 0.187224 0.912104 
-0.2 -0.057179 -0.0374907 -0.0374907 -0.0740276 -0.0374907 -0.0430551 -0.0740276 -0.19119 -0.0374907 -0.0740276 -0.0430551 -0.19119 -0.0740276 -0.19119 -0.19119 -0.905133 
-0.15 0.0836283 0.0461101 0.0461101 0.0806712 0.0461101 0.0462879 0.0806712 0.195228 0.0461101 0.0806712 0.0462879 0.195228 0.0806712 0.195228 0.195228 0.895393 
-0.1 0.135271 0.0606891 0.0606891 0.0895906 0.0606891 0.0507021 0.0895906 0.198881 0.0606891 0.0895906 0.0507021 0.198881 0.0895906 0.198881 0.198881 0.878355 
-0.05 0.262134 0.091813 0.091813 0.103322 0.091813 0.0577097 0.103322 0.198688 0.091813 0.103322 0.0577097 0.198688 0.103322 0.198688 0.198688 0.830841 
3.19189e-16 0.601087 0.163206 0.163206 0.11804 0.163206 0.0654462 0.11804 0.163206 0.163206 0.11804 0.0654462 0.163206 0.11804 0.163206 0.163206 0.601087 
0.05 -0.830841 -0.198688 -0.198688 -0.103322 -0.198688 -0.0577097 -0.103322 -0.091813 -0.198688 -0.103322 -0.0577097 -0.091813 -0.103322 -0.091813 -0.091813 -0.262134 
0.1 0.878355 0.198881 0.198881 0.0895906 0.198881 0.0507021 0.0895906 0.0606891 0.198881 0.0895906 0.0507021 0.0606891 0.0895906 0.0606891 0.0606891 0.135271 
0.15 0.895393 0.195228 0.195228 0.0806712 0.195228 0.0462879 0.0806712 0.0461101 0.195228 0.0806712 0.0462879 0.0461101 0.0806712 0.0461101 0.0461101 0.0836283 
0.2 0.905133 0.19119 0.19119 0.0740276 0.19119 0.0430551 0.0740276 0.0374907 0.19119 0.0740276 0.0430551 0.0374907 0.0740276 0.0374907 0.0374907 0.057179 
0.25 0.912104 0.187224 0.187224 0.0686456 0.187224 0.0404514 0.0686456 0.0316391 0.187224 0.0686456 0.0404514 0.0316391 0.0686456 0.0316391 0.0316391 0.0415854 
0.3 0.917666 0.183411 0.183411 0.0640801 0.183411 0.0382401 0.0640801 0.027324 0.183411 0.0640801 0.0382401 0.027324 0.0640801 0.027324 0.027324 0.0315325 
0.35 0.922366 0.179758 0.179758 0.0601007 0.179758 0.0363022 0.0601007 0.0239697 0.179758 0.0601007 0.0363022 0.0239697 0.0601007 0.0239697 0.0239697 0.0246433 
0.4 0.926467 0.176259 0.176259 0.0565719 0.176259 0.03457 0.0565719 0.0212677 0.176259 0.0565719 0.03457 0.0212677 0.0565719 0.0212677 0.0212677 0.0197081 
0.45 0.93012 0.172904 0.172904 0.0534053 0.172904 0.0330006 0.0534053 0.0190355 0.172904 0.0534053 0.0330006 0.0190355 0.0534053 0.0190355 0.0190355 0.0160516 
0.5 -0.933418 -0.169682 -0.169682 -0.0505391 -0.169682 -0.0315652 -0.0505391 -0.0171563 -0.169682 -0.0505391 -0.0315652 -0.0171563 -0.0505391 -0.0171563 -0.0171563 -0.0132697 
0.55 0.936424 0.166585 0.166585 0.0479278 0.166585 0.0302429 0.0479278 0.0155515 0.166585 0.0479278 0.0302429 0.0155515 0.0479278 0.0155515 0.0155515 0.0111072 
0.6 0.939183 0.163605 0.163605 0.0455359 0.163605 0.0290181 0.0455359 0.014165 0.163605 0.0455359 0.0290181 0.014165 0.0455359 0.014165 0.014165 0.00939618 
0.65 -0.94173 -0.160734 -0.160734 -0.0433356 -0.160734 -0.0278785 -0.0433356 -0.0129561 -0.160734 -0.0433356 -0.0278785 -0.0129561 -0.0433356 -0.0129561 -0.0129561 -0.00802176 
0.7 0.944093 0.157965 0.157965 0.041304 0.157965 0.0268143 0.041304 0.0118938 0.157965 0.041304 0.0268143 0.0118938 0.041304 0.0118938 0.0118938 0.00690344 
0.75 0.946293 0.155293 0.155293 0.0394222 0.155293 0.0258175 0.0394222 0.010954 0.155293 0.0394222 0.0258175 0.010954 0.0394222 0.010954 0.010954 0.00598328 
0.8 0.948348 0.152713 0.152713 0.0376743 0.152713 0.0248814 0.0376743 0.010118 0.152713 0.0376743 0.0248814 0.010118 0.0376743 0.010118 0.010118 0.00521866 
0.85 0.950272 0.150218 0.150218 0.0360467 0.150218 0.0240001 0.0360467 0.0093705 0.150218 0.0360467 0.0240001 0.0093705 0.0360467 0.0093705 0.0093705 0.00457774 
0.9 0.952079 0.147805 0.147805 0.0345277 0.147805 0.0231688 0.0345277 0.00869922 0.147805 0.0345277 0.0231688 0.00869922 0.0345277 0.00869922 0.00869922 0.0040363 
0.95 0.953779 0.145469 0.145469 0.0331071 0.145469 0.0223833 0.0331071 0.00809399 0.145469 0.0331071 0.0223833 0.00809399 0.0331071 0.00809399 0.00809399 0.00357567 
1 -0.955382 -0.143207 -0.143207 -0.031776 -0.143207 -0.0216398 -0.031776 -0.00754637 -0.143207 -0.031776 -0.0216398 -0.00754637 -0.031776 -0.00754637 -0.00754637 -0.00318128 
