0.299369 -0.953647 5.39583 0.45307 -1
0.304759 -0.951873 5.24675 0.48507 -0.95
0.310381 -0.949979 5.09094 0.52236 -0.9
0.316253 -0.947951 4.92676 0.56644 -0.85
0.322397 -0.945774 4.7521 0.61929 -0.8
0.328836 -0.943426 4.56431 0.68341 -0.75
0.335604 -0.940887 4.36045 0.76155 -0.7
0.342736 -0.938126 4.13781 0.85628 -0.65
0.350273 -0.935108 3.89457 0.96922 -0.6
0.358268 -0.931784 3.63066 1.10026 -0.55
0.36679 -0.928088 3.34777 1.24753 -0.5
0.375925 -0.923932 3.04878 1.37529 -0.45
0.385789 -0.919183 2.73697 1.49226 -0.4
0.396555 -0.913629 2.41541 1.62636 -0.35
0.408476 -0.906903 2.08678 1.77282 -0.3
0.42197 -0.898308 1.75342 1.92787 -0.25
0.437799 -0.886292 1.41764 2.08838 -0.2
0.457542 -0.866711 1.0824 2.25151 -0.15
0.485137 -0.82495 0.75363 2.41331 -0.1
0.531881 -0.683677 0.45154 2.56304 -0.05
0.589248 0 0.28675 2.64503 3.19189e-16
0.531881 0.683677 0.45154 2.56304 0.05
0.485137 0.82495 0.75363 2.41331 0.1
0.457542 0.866711 1.0824 2.25151 0.15
0.437799 0.886292 1.41764 2.08838 0.2
0.42197 0.898308 1.75342 1.92787 0.25
0.408476 0.906903 2.08678 1.77282 0.3
0.396555 0.913629 2.41541 1.62636 0.35
0.385789 0.919183 2.73697 1.49226 0.4
0.375925 0.923932 3.04878 1.37529 0.45
0.36679 0.928088 3.34777 1.24753 0.5
0.358268 0.931784 3.63066 1.10026 0.55
0.350273 0.935108 3.89457 0.96922 0.6
0.342736 0.938126 4.13781 0.85628 0.65
0.335604 0.940887 4.36045 0.76155 0.7
0.328836 0.943426 4.56431 0.68341 0.75
0.322397 0.945774 4.7521 0.61929 0.8
0.316253 0.947951 4.92676 0.56644 0.85
0.310381 0.949979 5.09094 0.52236 0.9
0.304759 0.951873 5.24675 0.48507 0.95
0.299369 0.953647 5.39583 0.45307 1
