0.05 -0.706885 -0.00884434 -0.00884434 -0.000441941 -0.00884434 -0.000221039 -0.000441941 -0.00884434 -0.00884434 -0.000441941 -0.000221039 -0.00884434 -0.000441941 -0.00884434 -0.00884434 -0.706885 
0.1 0.706213 0.0177214 0.0177214 0.0017677 0.0177214 0.000884958 0.0017677 0.0177214 0.0177214 0.0017677 0.000884958 0.0177214 0.0017677 0.0177214 0.0177214 0.706213 
0.15 0.705068 0.0266618 0.0266618 0.00397672 0.0266618 0.00199398 0.00397672 0.0266618 0.0266618 0.00397672 0.00199398 0.0266618 0.00397672 0.0266618 0.0266618 0.705068 
0.2 0.703414 0.0356927 0.0356927 0.00706683 0.0356927 0.00355125 0.00706683 0.0356927 0.0356927 0.00706683 0.00355125 0.0356927 0.00706683 0.0356927 0.0356927 0.703414 
0.25 0.701202 0.044835 0.044835 0.0110324 0.044835 0.00555994 0.0110324 0.044835 0.044835 0.0110324 0.00555994 0.044835 0.0110324 0.044835 0.044835 0.701202 
0.3 -0.698373 -0.0541015 -0.0541015 -0.0158618 -0.0541015 -0.00802201 -0.0158618 -0.0541015 -0.0541015 -0.0158618 -0.00802201 -0.0541015 -0.0158618 -0.0541015 -0.0541015 -0.698373 
0.35 0.694857 0.0634948 0.0634948 0.0215345 0.0634948 0.0109367 0.0215345 0.0634948 0.0634948 0.0215345 0.0109367 0.0634948 0.0215345 0.0634948 0.0634948 0.694857 
0.4 0.690584 0.0730047 0.0730047 0.0280171 0.0730047 0.0142986 0.0280171 0.0730047 0.0730047 0.0280171 0.0142986 0.0730047 0.0280171 0.0730047 0.0730047 0.690584 
0.45 0.685485 0.0826069 0.0826069 0.035261 0.0826069 0.0180959 0.035261 0.0826069 0.0826069 0.035261 0.0180959 0.0826069 0.035261 0.0826069 0.0826069 0.685485 
0.5 0.679501 0.092262 0.092262 0.0431983 0.092262 0.0223083 0.0431983 0.092262 0.092262 0.0431983 0.0223083 0.092262 0.0431983 0.092262 0.092262 0.679501 
0.55 0.672588 0.101916 0.101916 0.0517414 0.101916 0.0269056 0.0517414 0.101916 0.101916 0.0517414 0.0269056 0.101916 0.0517414 0.101916 0.101916 0.672588 
0.6 0.664731 0.1115 0.1115 0.0607827 0.1115 0.0318474 0.0607827 0.1115 0.1115 0.0607827 0.0318474 0.1115 0.0607827 0.1115 0.1115 0.664731 
0.65 0.655946 0.120938 0.120938 0.0701971 0.120938 0.0370828 0.0701971 0.120938 0.120938 0.0701971 0.0370828 0.120938 0.0701971 0.120938 0.120938 0.655946 
0.7 -0.646286 -0.130147 -0.130147 -0.0798474 -0.130147 -0.0425523 -0.0798474 -0.130147 -0.130147 -0.0798474 -0.0425523 -0.130147 -0.0798474 -0.130147 -0.130147 -0.646286 
0.75 -0.635837 -0.139046 -0.139046 -0.0895909 -0.139046 -0.0481905 -0.0895909 -0.139046 -0.139046 -0.0895909 -0.0481905 -0.139046 -0.0895909 -0.139046 -0.139046 -0.635837 
0.8 0.624722 0.147562 0.147562 0.0992877 0.147562 0.0539293 0.0992877 0.147562 0.147562 0.0992877 0.0539293 0.147562 0.0992877 0.147562 0.147562 0.624722 
0.85 -0.613086 -0.15563 -0.15563 -0.108808 -0.15563 -0.059702 -0.108808 -0.15563 -0.15563 -0.108808 -0.059702 -0.15563 -0.108808 -0.15563 -0.15563 -0.613086 
0.9 0.601087 0.163206 0.163206 0.11804 0.163206 0.0654462 0.11804 0.163206 0.163206 0.11804 0.0654462 0.163206 0.11804 0.163206 0.163206 0.601087 
0.95 -0.588887 -0.170259 -0.170259 -0.126893 -0.170259 -0.0711076 -0.126893 -0.170259 -0.170259 -0.126893 -0.0711076 -0.170259 -0.126893 -0.170259 -0.170259 -0.588887 
1 0.576641 0.176777 0.176777 0.135299 0.176777 0.0766407 0.135299 0.176777 0.176777 0.135299 0.0766407 0.176777 0.135299 0.176777 0.176777 0.576641 
1.05 0.564487 0.182762 0.182762 0.143214 0.182762 0.0820102 0.143214 0.182762 0.182762 0.143214 0.0820102 0.182762 0.143214 0.182762 0.182762 0.564487 
1.1 0.552545 0.18823 0.18823 0.150614 0.18823 0.0871904 0.150614 0.18823 0.18823 0.150614 0.0871904 0.18823 0.150614 0.18823 0.18823 0.552545 
1.15 -0.54091 -0.193206 -0.193206 -0.157494 -0.193206 -0.0921643 -0.157494 -0.193206 -0.193206 -0.157494 -0.0921643 -0.193206 -0.157494 -0.193206 -0.193206 -0.54091 
1.2 0.529654 0.197719 0.197719 0.16386 0.197719 0.0969229 0.16386 0.197719 0.197719 0.16386 0.0969229 0.197719 0.16386 0.197719 0.197719 0.529654 
1.25 0.51883 0.201806 0.201806 0.169733 0.201806 0.101463 0.169733 0.201806 0.201806 0.169733 0.101463 0.201806 0.169733 0.201806 0.201806 0.51883 
1.3 -0.508471 -0.205501 -0.205501 -0.175135 -0.205501 -0.105786 -0.175135 -0.205501 -0.205501 -0.175135 -0.105786 -0.205501 -0.175135 -0.205501 -0.205501 -0.508471 
1.35 0.498594 0.20884 0.20884 0.180097 0.20884 0.109896 0.180097 0.20884 0.20884 0.180097 0.109896 0.20884 0.180097 0.20884 0.20884 0.498594 
1.4 0.489205 0.211859 0.211859 0.18465 0.211859 0.113802 0.18465 0.211859 0.211859 0.18465 0.113802 0.211859 0.18465 0.211859 0.211859 0.489205 
1.45 -0.4803 -0.214588 -0.214588 -0.188826 -0.214588 -0.117512 -0.188826 -0.214588 -0.214588 -0.188826 -0.117512 -0.214588 -0.188826 -0.214588 -0.214588 -0.4803 
1.5 0.471867 0.217059 0.217059 0.192656 0.217059 0.121037 0.192656 0.217059 0.217059 0.192656 0.121037 0.217059 0.192656 0.217059 0.217059 0.471867 
