-8.40243e-14 -0.941535
-7.98231e-14 -0.938953
-7.56219e-14 -0.935961
-7.14207e-14 -0.93247
-6.72194e-14 -0.928362
-6.30182e-14 -0.923484
-5.8817e-14 -0.917634
-5.46158e-14 -0.910544
-5.04146e-14 -0.901847
-4.62134e-14 -0.891039
-4.20122e-14 -0.877411
-3.78109e-14 -0.859959
-3.36097e-14 -0.837229
-2.94085e-14 -0.807097
-2.52073e-14 -0.766451
-2.10061e-14 -0.710772
-1.68049e-14 -0.63378
-1.26036e-14 -0.52766
-8.40243e-15 -0.385177
-4.20122e-15 -0.205226
4.37277e-29 -3.72757e-14
4.20122e-15 0.205226
8.40243e-15 0.385177
1.26036e-14 0.52766
1.68049e-14 0.63378
2.10061e-14 0.710772
2.52073e-14 0.766451
2.94085e-14 0.807097
3.36097e-14 0.837229
3.78109e-14 0.859959
4.20122e-14 0.877411
4.62134e-14 0.891039
5.04146e-14 0.901847
5.46158e-14 0.910544
5.8817e-14 0.917634
6.30182e-14 0.923484
6.72194e-14 0.928362
7.14207e-14 0.93247
7.56219e-14 0.935961
7.98231e-14 0.938953
8.40243e-14 0.941535
