0.0250078 0.999688 0 3.81599 0.05 0.249154
0.0500628 0.998745 0 3.63367 0.1 0.250694
0.0752132 0.99716 0 3.45331 0.15 0.251607
0.10051 0.994909 0 3.27523 0.2 0.252881
0.126013 0.991964 1e-05 3.09983 0.25 0.254546
0.151791 0.98827 3e-05 2.92759 0.3 0.256629
0.177937 0.983763 9e-05 2.75908 0.35 0.259166
0.204575 0.978342 0.00025 2.59506 0.4 0.262204
0.231875 0.971862 0.00064 2.43642 0.45 0.265814
0.260062 0.964113 0.00145 2.28428 0.5 0.270097
0.289432 0.954797 0.00304 2.14003 0.55 0.275197
0.320351 0.943511 0.00588 2.00537 0.6 0.281316
0.35323 0.929719 0.01074 1.88237 0.65 0.28874
0.388477 0.912778 0.01856 1.77344 0.7 0.297853
0.426385 0.892002 0.03057 1.68134 0.75 0.309146
0.466989 0.866823 0.0481 1.60893 0.8 0.323201
0.50988 0.837019 0.07255 1.55899 0.85 0.340626
0.554101 0.802947 0.1051 1.53371 0.9 0.36195
0.598247 0.765685 0.14652 1.53431 0.95 0.387457
0.64073 0.726847 0.197 1.56076 1 0.41708
0.680167 0.688244 0.2562 1.61176 1.05 0.450343
0.715663 0.651442 0.3232 1.6851 1.1 0.486461
0.746865 0.617507 0.3969 1.76561 1.15 0.524494
0.773874 0.586972 0.4763 1.80015 1.2 0.56351
0.797058 0.559931 0.5601 1.84308 1.25 0.602717
0.816909 0.536213 0.6476 1.8931 1.3 0.641495
0.833925 0.515495 0.7378 1.9492 1.35 0.679421
0.848572 0.497409 0.8301 2.0101 1.4 0.716229
0.861248 0.481595 0.9241 2.0753 1.45 0.751768
0.872286 0.46772 1.0194 2.1442 1.5 0.785985
