0.299347 -0.953659 5.4315 0.1224 -1
0.304733 -0.951889 5.293 0.1286 -0.95
0.310346 -0.950002 5.1514 0.1354 -0.9
0.316208 -0.947981 5.0063 0.1427 -0.85
0.322337 -0.945814 4.8575 0.1507 -0.8
0.328759 -0.943485 4.7044 0.1593 -0.75
0.335501 -0.940968 4.5465 0.1688 -0.7
0.342597 -0.938243 4.3833 0.17916 -0.65
0.350081 -0.935273 4.21421 0.19063 -0.6
0.358 -0.932024 4.03831 0.20347 -0.55
0.366412 -0.928447 3.85447 0.21799 -0.5
0.375381 -0.924482 3.6614 0.23467 -0.45
0.384993 -0.920048 3.45712 0.25438 -0.4
0.395358 -0.915035 3.23893 0.27876 -0.35
0.406618 -0.909288 3.00131 0.31157 -0.3
0.418977 -0.902585 2.73178 0.36342 -0.25
0.432728 -0.894563 2.39378 0.46842 -0.2
0.448347 -0.884572 1.91798 0.59026 -0.15
0.46675 -0.871131 1.31907 0.82877 -0.1
0.490659 -0.847433 0.67331 1.14388 -0.05
0.554101 0 0.1051 1.42861 3.19189e-16
0.490659 0.847433 0.67331 1.14388 0.05
0.46675 0.871131 1.31907 0.82877 0.1
0.448347 0.884572 1.91798 0.59026 0.15
0.432728 0.894563 2.39378 0.46842 0.2
0.418977 0.902585 2.73178 0.36342 0.25
0.406618 0.909288 3.00131 0.31157 0.3
0.395358 0.915035 3.23893 0.27876 0.35
0.384993 0.920048 3.45712 0.25438 0.4
0.375381 0.924482 3.6614 0.23467 0.45
0.366412 0.928447 3.85447 0.21799 0.5
0.358 0.932024 4.03831 0.20347 0.55
0.350081 0.935273 4.21421 0.19063 0.6
0.342597 0.938243 4.3833 0.17916 0.65
0.335501 0.940968 4.5465 0.1688 0.7
0.328759 0.943485 4.7044 0.1593 0.75
0.322337 0.945814 4.8575 0.1507 0.8
0.316208 0.947981 5.0063 0.1427 0.85
0.310346 0.950002 5.1514 0.1354 0.9
0.304733 0.951889 5.293 0.1286 0.95
0.299347 0.953659 5.4315 0.1224 1
