-1.51811e-09 -0.965638
-1.4422e-09 -0.96559
-1.3663e-09 -0.965541
-1.29039e-09 -0.965493
-1.21449e-09 -0.965443
-1.13858e-09 -0.965393
-1.06267e-09 -0.965343
-9.86769e-10 -0.965291
-9.10864e-10 -0.965239
-8.34959e-10 -0.965185
-7.59053e-10 -0.965129
-6.83148e-10 -0.965071
-6.07243e-10 -0.965008
-5.31337e-10 -0.964939
-4.55432e-10 -0.964858
-3.79527e-10 -0.964757
-3.03621e-10 -0.964611
-2.27716e-10 -0.964353
-1.51811e-10 -0.963709
-7.59053e-11 -0.960468
7.90049e-25 -1.38133e-11
7.59053e-11 0.960468
1.51811e-10 0.963709
2.27716e-10 0.964353
3.03621e-10 0.964611
3.79527e-10 0.964757
4.55432e-10 0.964858
5.31337e-10 0.964939
6.07243e-10 0.965008
6.83148e-10 0.965071
7.59053e-10 0.965129
8.34959e-10 0.965185
9.10864e-10 0.965239
9.86769e-10 0.965291
1.06267e-09 0.965343
1.13858e-09 0.965393
1.21449e-09 0.965443
1.29039e-09 0.965493
1.3663e-09 0.965541
1.4422e-09 0.96559
1.51811e-09 0.965638
